# Optimal parameters were found to be m = 125.972169193615, Gamma = -2.08742481744886, A = 9.88159867204254.
#
# Energy [GeV], predicted signal [certain units]
101,0.0158181868013309
101.058058058058,0.0158918665312865
101.116116116116,0.0159660619493685
101.174174174174,0.0160407778764045
101.232232232232,0.016116019189654
101.29029029029,0.0161917908236021
101.348348348348,0.0162680977707667
101.406406406406,0.0163449450825189
101.464464464464,0.0164223378699174
101.522522522523,0.0165002813045557
101.580580580581,0.0165787806194243
101.638638638639,0.016657841109787
101.696696696697,0.0167374681340714
101.754754754755,0.0168176671147752
101.812812812813,0.0168984435393865
101.870870870871,0.0169798029613205
101.928928928929,0.0170617510008715
101.986986986987,0.0171442933461813
102.045045045045,0.0172274357542238
102.103103103103,0.0173111840518061
102.161161161161,0.0173955441365867
102.219219219219,0.0174805219781118
102.277277277277,0.0175661236188681
102.335335335335,0.0176523551753543
102.393393393393,0.0177392228391711
102.451451451451,0.0178267328781296
102.50950950951,0.0179148916373792
102.567567567568,0.0180037055405544
102.625625625626,0.0180931810909422
102.683683683684,0.0181833248726694
102.741741741742,0.0182741435519106
102.7997997998,0.0183656438781173
102.857857857858,0.0184578326852686
102.915915915916,0.018550716893144
102.973973973974,0.0186443035086182
103.032032032032,0.0187385996269789
103.09009009009,0.0188336124332683
103.148148148148,0.0189293492036476
103.206206206206,0.0190258173067865
103.264264264264,0.0191230242052774
103.322322322322,0.0192209774570738
103.38038038038,0.0193196847169563
103.438438438438,0.0194191537380232
103.496496496496,0.0195193923732088
103.554554554555,0.0196204085768293
103.612612612613,0.0197222104061558
103.670670670671,0.0198248060230167
103.728728728729,0.0199282036954288
103.786786786787,0.0200324117992583
103.844844844845,0.020137438819912
103.902902902903,0.0202432933540596
103.960960960961,0.0203499841113878
104.019019019019,0.0204575199163866
104.077077077077,0.0205659097101684
104.135135135135,0.0206751625523212
104.193193193193,0.0207852876227956
104.251251251251,0.0208962942238279
104.309309309309,0.021008191781898
104.367367367367,0.021120989849725
104.425425425425,0.0212346981082991
104.483483483483,0.0213493263689532
104.541541541542,0.0214648845754719
104.5995995996,0.021581382806242
104.657657657658,0.0216988312764426
104.715715715716,0.0218172403402776
104.773773773774,0.0219366204932505
104.831831831832,0.0220569823744826
104.88988988989,0.0221783367690758
104.947947947948,0.0223006946105211
105.006006006006,0.0224240669831528
105.064064064064,0.0225484651246512
105.122122122122,0.0226739004285926
105.18018018018,0.02280038444705
105.238238238238,0.0229279288932441
105.296296296296,0.0230565456442456
105.354354354354,0.0231862467437313
105.412412412412,0.0233170444047941
105.47047047047,0.0234489510128079
105.528528528529,0.0235819791283501
105.586586586587,0.023716141490181
105.644644644645,0.0238514510182833
105.702702702703,0.0239879208169618
105.760760760761,0.0241255641780047
105.818818818819,0.0242643945839096
105.876876876877,0.0244044257111723
105.934934934935,0.0245456714336442
105.992992992993,0.0246881458259557
106.051051051051,0.0248318631670103
106.109109109109,0.0249768379435491
106.167167167167,0.0251230848537882
106.225225225225,0.0252706188111306
106.283283283283,0.025419454947954
106.341341341341,0.0255696086194772
106.399399399399,0.0257210954077054
106.457457457457,0.0258739311254575
106.515515515516,0.0260281318204776
106.573573573574,0.026183713779631
106.631631631632,0.0263406935331889
106.68968968969,0.0264990878592022
106.747747747748,0.0266589137879672
106.805805805806,0.0268201886065855
106.863863863864,0.0269829298636208
106.921921921922,0.0271471553738531
106.97997997998,0.0273128832231354
107.038038038038,0.0274801317733532
107.096096096096,0.0276489196674898
107.154154154154,0.0278192658348013
107.212212212212,0.0279911894961018
107.27027027027,0.0281647101691638
107.328328328328,0.028339847674234
107.386386386386,0.0285166221396711
107.444444444444,0.028695054007704
107.502502502503,0.0288751640403177
107.560560560561,0.029056973325267
107.618618618619,0.0292405032822235
107.676676676677,0.0294257756690572
107.734734734735,0.0296128125882573
107.792792792793,0.0298016364934964
107.850850850851,0.0299922701963395
107.908908908909,0.0301847368731041
107.966966966967,0.0303790600718726
108.025025025025,0.0305752637196642
108.083083083083,0.0307733721297665
108.141141141141,0.0309734100092348
108.199199199199,0.0311754024665601
108.257257257257,0.0313793750195123
108.315315315315,0.0315853536031633
108.373373373373,0.0317933645780923
108.431431431431,0.0320034347387811
108.489489489489,0.0322155913222027
108.547547547548,0.0324298620166082
108.605605605606,0.0326462749705184
108.663663663664,0.0328648588019241
108.721721721722,0.033085642607702
108.77977977978,0.0333086559732513
108.837837837838,0.0335339289823568
108.895895895896,0.0337614922272843
108.953953953954,0.0339913768191168
109.012012012012,0.034223614398334
109.07007007007,0.0344582371456465
109.128128128128,0.0346952777930864
109.186186186186,0.0349347696353672
109.244244244244,0.0351767465415146
109.302302302302,0.0354212429667802
109.36036036036,0.0356682939648432
109.418418418418,0.0359179352003096
109.476476476476,0.0361702029615162
109.534534534535,0.0364251341736481
109.592592592593,0.0366827664121799
109.650650650651,0.0369431379166469
109.708708708709,0.0372062876047591
109.766766766767,0.037472255086864
109.824824824825,0.0377410806807717
109.882882882883,0.0380128054269496
109.940940940941,0.0382874711041002
109.998998998999,0.0385651202451296
110.057057057057,0.0388457961535217
110.115115115115,0.0391295429201265
110.173173173173,0.039416405440377
110.231231231231,0.0397064294319464
110.289289289289,0.0399996614528567
110.347347347347,0.0402961489200564
110.405405405405,0.0405959401284753
110.463463463463,0.040899084270576
110.521521521522,0.0412056314564128
110.57957957958,0.0415156327342162
110.637637637638,0.0418291401115152
110.695695695696,0.0421462065768181
110.753753753754,0.0424668861218647
110.811811811812,0.042791233764468
110.86986986987,0.0431193055719665
110.927927927928,0.0434511586852999
110.985985985986,0.0437868513437338
111.044044044044,0.0441264429102472
111.102102102102,0.0444699938976085
111.16016016016,0.0448175659951575
111.218218218218,0.0451692220963171
111.276276276276,0.0455250263268575
111.334334334334,0.045885044073936
111.392392392392,0.0462493420159365
111.45045045045,0.0466179881531345
111.508508508509,0.0469910518392143
111.566566566567,0.0473686038136633
111.624624624625,0.0477507162350745
111.682682682683,0.0481374627153833
111.740740740741,0.0485289183550708
111.798798798799,0.0489251597793646
111.856856856857,0.049326265175467
111.914914914915,0.0497323143308484
111.972972972973,0.0501433886726364
112.031031031031,0.05055957130814
112.089089089089,0.0509809470665431
112.147147147147,0.0514076025418095
112.205205205205,0.0518396261368363
112.263263263263,0.0522771081089004
112.321321321321,0.052720140616438
112.379379379379,0.0531688177672063
112.437437437437,0.0536232356678694
112.495495495495,0.0540834924750601
112.553553553554,0.0545496884479671
112.611611611612,0.055021926002498
112.66966966967,0.0555003097670757
112.727727727728,0.0559849466401202
112.785785785786,0.0564759458492786
112.843843843844,0.0569734190124602
112.901901901902,0.0574774802007434
112.95995995996,0.0579882460032159
113.018018018018,0.0585058355938215
113.076076076076,0.0590303708002792
113.134134134134,0.0595619761751519
113.192192192192,0.0601007790691407
113.25025025025,0.0606469097066829
113.308308308308,0.0612005012639397
113.366366366366,0.0617616899492561
113.424424424424,0.0623306150861877
113.482482482482,0.0629074191991828
113.540540540541,0.0634922481020223
113.598598598599,0.0640852509891137
113.656656656657,0.0646865805297507
113.714714714715,0.0652963929654426
113.772772772773,0.0659148482104324
113.830830830831,0.0665421099555218
113.888888888889,0.0671783457753266
113.946946946947,0.0678237272390949
114.005005005005,0.0684784300252198
114.063063063063,0.0691426340395929
114.121121121121,0.0698165235379395
114.179179179179,0.0705002872522963
114.237237237237,0.071194118521785
114.295295295295,0.0718982154278552
114.353353353353,0.0726127809341667
114.411411411411,0.0733380230312955
114.469469469469,0.0740741548864561
114.527527527528,0.0748213949984333
114.585585585586,0.0755799673579386
114.643643643644,0.0763501016136014
114.701701701702,0.077132033243828
114.75975975976,0.0779260037347615
114.817817817818,0.0787322607645921
114.875875875876,0.0795510583944778
114.933933933934,0.0803826572663474
114.991991991992,0.0812273248078675
115.05005005005,0.0820853354448717
115.108108108108,0.0829569708215664
115.166166166166,0.083842520028832
115.224224224224,0.0847422798409684
115.282282282282,0.0856565549612353
115.34034034034,0.0865856582765666
115.398398398398,0.0875299111218485
115.456456456456,0.0884896435541723
115.514514514515,0.0894651946374956
115.572572572573,0.0904569127381604
115.630630630631,0.0914651558317458
115.688688688689,0.0924902918217492
115.746746746747,0.0935326988706228
115.804804804805,0.0945927657437074
115.862862862863,0.0956708921666463
115.920920920921,0.0967674891968761
115.978978978979,0.0978829796098368
116.037037037037,0.0990177983005625
116.095095095095,0.100172392701356
116.153153153153,0.101347223216288
116.211211211211,0.102542763673291
116.269269269269,0.103759501794667
116.327327327327,0.104997939686863
116.385385385385,0.10625859435043
116.443443443443,0.107541998211096
116.501501501502,0.108848699672977
116.55955955956,0.110179263694961
116.617617617618,0.111534272391391
116.675675675676,0.112914325658216
116.733733733734,0.114320041825837
116.791791791792,0.115752058339963
116.84984984985,0.117211032471838
116.907907907908,0.11869764205931
116.965965965966,0.120212586280243
117.024024024024,0.121756586459923
117.082082082082,0.123330386914136
117.14014014014,0.124934755829743
117.198198198198,0.126570486184644
117.256256256256,0.12823839670916
117.314314314314,0.129939332890959
117.372372372372,0.131674168025775
117.43043043043,0.133443804316329
117.488488488488,0.13524917402195
117.546546546547,0.137091240661602
117.604604604605,0.138971000273128
117.662662662663,0.140889482731738
117.720720720721,0.142847753130907
117.778778778779,0.144846913229079
117.836836836837,0.146888102965749
117.894894894895,0.148972502050737
117.952952952953,0.151101331630685
118.011011011011,0.153275856037068
118.069069069069,0.15549738462029
118.127127127127,0.15776727367468
118.185185185185,0.160086928459578
118.243243243243,0.162457805321947
118.301301301301,0.164881413926385
118.359359359359,0.167359319598706
118.417417417417,0.169893145789722
118.475475475475,0.172484576666262
118.533533533534,0.175135359836937
118.591591591592,0.177847309220644
118.64964964965,0.180622308066358
118.707707707708,0.183462312133328
118.765765765766,0.18636935304138
118.823823823824,0.189345541801747
118.881881881882,0.19239307253951
118.93993993994,0.19551422641953
118.997997997998,0.198711375788553
119.056056056056,0.201986988547091
119.114114114114,0.205343632765604
119.172172172172,0.208783981560571
119.23023023023,0.212310818247131
119.288288288288,0.215927041786184
119.346346346346,0.219635672545152
119.404404404404,0.223439858392976
119.462462462462,0.227342881151472
119.520520520521,0.231348163426771
119.578578578579,0.235459275846385
119.636636636637,0.239679944729315
119.694694694695,0.244014060218721
119.752752752753,0.248465684908945
119.810810810811,0.253039063001049
119.868868868869,0.257738630023784
119.926926926927,0.262569023159672
119.984984984985,0.2675350922191
120.043043043043,0.272641911308648
120.101101101101,0.277894791243594
120.159159159159,0.283299292758565
120.217217217217,0.288861240574631
120.275275275275,0.294586738385931
120.333333333333,0.300482184834064
120.391391391391,0.306554290544201
120.449449449449,0.312810096302928
120.507507507508,0.319256992464664
120.565565565566,0.325902739680767
120.623623623624,0.332755491053524
120.681681681682,0.339823815825954
120.73973973974,0.347116724727963
120.797797797798,0.354643697109941
120.855855855856,0.362414710006326
120.913913913914,0.370440269284316
120.971971971972,0.378731443046718
121.03003003003,0.387299897473095
121.088088088088,0.396157935299961
121.146146146146,0.405318537159123
121.204204204204,0.414795406013221
121.262262262262,0.424603014949682
121.32032032032,0.434756658618443
121.378378378378,0.445272508625509
121.436436436436,0.456167673223753
121.494494494494,0.467460261674622
121.552552552553,0.479169453689953
121.610610610611,0.491315574402292
121.668668668669,0.503920175355212
121.726726726727,0.517006122052583
121.784784784785,0.530597688658189
121.842842842843,0.544720660494633
121.900900900901,0.559402445054134
121.958958958959,0.574672192303677
122.017017017017,0.590560925144111
122.075075075075,0.607101680967616
122.133133133133,0.62432966535121
122.191191191191,0.642282419026518
122.249249249249,0.660999999378656
122.307307307307,0.680525177850584
122.365365365365,0.700903654764306
122.423423423423,0.722184293218258
122.481481481481,0.744419373880947
122.53953953954,0.767664872676159
122.597597597598,0.791980763544243
122.655655655656,0.817431348668337
122.713713713714,0.844085618773159
122.771771771772,0.872017646336813
122.82982982983,0.901307014801485
122.887887887888,0.932039287124762
122.945945945946,0.96430651727579
123.004004004004,0.99820780854368
123.062062062062,1.03384992278273
123.12012012012,1.07134794495716
123.178178178178,1.11082600755391
123.236236236236,1.15241807958271
123.294294294294,1.1962688249513
123.352352352352,1.24253453495215
123.41041041041,1.29138413937502
123.468468468468,1.34300030030233
123.526526526527,1.39758059186373
123.584584584585,1.45533876801147
123.642642642643,1.51650611858065
123.700700700701,1.5813329113303
123.758758758759,1.65008991407689
123.816816816817,1.72306998611835
123.874874874875,1.80058972150395
123.932932932933,1.88299111782676
123.990990990991,1.97064323246105
124.049049049049,2.06394377273757
124.107107107107,2.16332054645958
124.165165165165,2.26923267319882
124.223223223223,2.38217142352679
124.281281281281,2.50266051101787
124.339339339339,2.63125560855873
124.397397397397,2.76854279407654
124.455455455455,2.91513554908012
124.513513513514,3.07166983444479
124.571571571572,3.23879665040439
124.62962962963,3.41717135193538
124.687687687688,3.60743883943796
124.745745745746,3.81021358501482
124.803803803804,4.02605330069043
124.861861861862,4.2554249306851
124.91991991992,4.49866159359886
124.977977977978,4.75590916908988
125.036036036036,5.02706149728485
125.094094094094,5.31168374255305
125.152152152152,5.60892449262158
125.21021021021,5.91741875309986
125.268268268268,6.23518626714723
125.326326326326,6.55953257427137
125.384384384384,6.88696379792398
125.442442442442,7.21312993789496
125.5005005005,7.53281470697925
125.558558558559,7.83999156743249
125.616616616617,8.1279641719097
125.674674674675,8.38960349242592
125.732732732733,8.6176826979273
125.790790790791,8.80529476271357
125.848848848849,8.94631915899284
125.906906906907,9.03588701209734
125.964964964965,9.07078402791784
126.023023023023,9.04973189471555
126.081081081081,8.97350352407572
126.139139139139,8.84485314775933
126.197197197197,8.66827283267031
126.255255255255,8.44961452646738
126.313313313313,8.19563451634226
126.371371371371,7.91352184652896
126.429429429429,7.61046466383383
126.487487487487,7.29329270163123
126.545545545546,6.96821543925518
126.603603603604,6.64065846838423
126.661661661662,6.31518806362
126.71971971972,5.99550675782775
126.777777777778,5.68450028249308
126.835835835836,5.38431722728187
126.893893893894,5.09646574698995
126.951951951952,4.82191538432959
127.01001001001,4.5611957527599
127.068068068068,4.31448697429054
127.126126126126,4.08169921556235
127.184184184184,3.86254041502042
127.242242242242,3.65657244247313
127.3003003003,3.46325661150748
127.358358358358,3.28198980502756
127.416416416416,3.11213258534985
127.474474474474,2.95303062890433
127.532532532533,2.80403071401009
127.590590590591,2.66449234089488
127.648648648649,2.53379590329129
127.706706706707,2.41134817670985
127.764764764765,2.29658574846846
127.822822822823,2.18897689244791
127.880880880881,2.08802228806599
127.938938938939,1.99325489712862
127.996996996997,1.90423924219829
128.055055055055,1.82057027376631
128.113113113113,1.74187196866145
128.171171171171,1.66779576677058
128.229229229229,1.59801892551223
128.287287287287,1.532242850078
128.345345345345,1.47019144097113
128.403403403403,1.41160948778604
128.461461461461,1.35626112864597
128.51951951952,1.30392838757055
128.577577577578,1.25440979674253
128.635635635636,1.20751910676233
128.693693693694,1.16308408518271
128.751751751752,1.12094540164753
128.80980980981,1.08095559661399
128.867867867868,1.04297812976109
128.925925925926,1.00688650365836
128.983983983984,0.972563457995922
129.042042042042,0.939900229587396
129.1001001001,0.908795873400658
129.158158158158,0.879156640004442
129.216216216216,0.850895405013272
129.274274274274,0.823931146344695
129.332332332332,0.798188465356662
129.39039039039,0.773597148195461
129.448448448448,0.750091763947575
129.506506506506,0.72761129644711
129.564564564565,0.706098806838388
129.622622622623,0.685501124229757
129.680680680681,0.66576856199664
129.738738738739,0.646854657500008
129.796796796797,0.62871593317954
129.854854854855,0.611311677158971
129.912912912913,0.594603741665902
129.970970970971,0.57855635771901
130.029029029029,0.563135964674058
130.087087087087,0.548311053346114
130.145145145145,0.534052021540895
130.203203203203,0.520331040932893
130.261261261261,0.507121934323665
130.319319319319,0.494400062400277
130.377377377377,0.482142219193062
130.435435435435,0.470326535503311
130.493493493494,0.458932389636824
130.551551551552,0.44794032483805
130.60960960961,0.437331972873365
130.667667667668,0.427089983260696
130.725725725726,0.417197957686672
130.783783783784,0.407640389192833
130.841841841842,0.398402605748637
130.8998998999,0.389470717862231
130.957957957958,0.380831569909825
131.016016016016,0.372472694891925
131.074074074074,0.36438227234951
131.132132132132,0.356549089195685
131.19019019019,0.348962503239008
131.248248248248,0.341612409193314
131.306306306306,0.334489206985928
131.364364364364,0.327583772191607
131.422422422422,0.320887428433739
131.48048048048,0.314391921607269
131.538538538539,0.308089395789449
131.596596596597,0.301972370715421
131.654654654655,0.296033720705352
131.712712712713,0.290266654938832
131.770770770771,0.284664698980515
131.828828828829,0.27922167746838
131.886886886887,0.273931697882965
131.944944944945,0.268789135322193
132.003003003003,0.263788618212144
132.061061061061,0.258925014889487
132.119119119119,0.25419342099608
132.177177177177,0.249589147630776
132.235235235235,0.245107710207492
132.293293293293,0.240744817972416
132.351351351351,0.236496364136716
132.409409409409,0.2323584165842
132.467467467467,0.228327209116435
132.525525525526,0.224399133200436
132.583583583584,0.220570730186609
132.641641641642,0.21683868396685
132.6996996997,0.213199814044888
132.757757757758,0.209651068992892
132.815815815816,0.206189520270152
132.873873873874,0.202812356381354
132.931931931932,0.199516877353469
132.98998998999,0.196300489511766
133.048048048048,0.193160700536696
133.106106106106,0.19009511478471
133.164164164164,0.187101428857148
133.222222222222,0.184177427402408
133.28028028028,0.181320979137586
133.338338338338,0.178530033076672
133.396396396396,0.17580261495323
133.454454454454,0.173136823826293
133.512512512513,0.170530828858882
133.570570570571,0.167982866259274
133.628628628629,0.16549123637578
133.686686686687,0.163054300936315
133.744744744745,0.160670480424662
133.802802802803,0.158338251585783
133.860860860861,0.156056145053044
133.918918918919,0.153822743090615
133.976976976977,0.151636677444753
134.035035035035,0.149496627298055
134.093093093093,0.147401317321101
134.151151151151,0.145349515816264
134.209209209209,0.143340032948775
134.267267267267,0.141371719060397
134.325325325325,0.139443463061386
134.383383383383,0.137554190896595
134.441441441441,0.135702864081906
134.4994994995,0.133888478307317
134.557557557558,0.132110062103271
134.615615615616,0.130366675567
134.673673673674,0.128657409145812
134.731731731732,0.126981382474476
134.78978978979,0.125337743263959
134.847847847848,0.12372566623897
134.905905905906,0.122144352121889
134.963963963964,0.120593026660781
135.022022022022,0.119070939699343
135.08008008008,0.117577364286738
135.138138138138,0.116111595825381
135.196196196196,0.114672951254851
135.254254254254,0.113260768270184
135.312312312312,0.111874404572934
135.37037037037,0.110513237153426
135.428428428428,0.109176661602745
135.486486486486,0.107864091453056
135.544544544545,0.106574957544952
135.602602602603,0.105308707420563
135.660660660661,0.104064804741242
135.718718718719,0.102842728728709
135.776776776777,0.101641973628577
135.834834834835,0.100462048195242
135.892892892893,0.0993024751971893
135.950950950951,0.0981627909417813
136.009009009009,0.0970425448186745
136.067067067067,0.0959412988610246
136.125125125125,0.0948586273237107
136.183183183183,0.0937941162778162
136.241241241241,0.0927473632206673
136.299299299299,0.0917179767007492
136.357357357357,0.0907055759568549
136.415415415415,0.0897097905708631
136.473473473473,0.0887302601335522
136.531531531532,0.0877666339229009
136.58958958959,0.0868185705943502
136.647647647648,0.0858857378825153
136.705705705706,0.0849678123138746
136.763763763764,0.0840644789299726
136.821821821822,0.0831754310207078
136.87987987988,0.0823003698672816
136.937937937938,0.0814390044944149
136.995995995996,0.0805910514314571
137.054054054054,0.0797562344820191
137.112112112112,0.0789342845017909
137.17017017017,0.0781249391842118
137.228228228228,0.0773279428536781
137.286286286286,0.076543046265992
137.344344344344,0.075770006415756
137.402402402402,0.0750085863504491
137.46046046046,0.0742585549909126
137.518518518519,0.0735196869580007
137.576576576577,0.0727917624051543
137.634634634635,0.0720745668566661
137.692692692693,0.0713678910514236
137.750750750751,0.0706715307919124
137.808808808809,0.0699852867982824
137.866866866867,0.0693089645672871
137.924924924925,0.0686423742359054
137.982982982983,0.0679853304494746
138.041041041041,0.0673376522341613
138.099099099099,0.0666991628736138
138.157157157157,0.0660696897896342
138.215215215215,0.0654490644267247
138.273273273273,0.0648371221403672
138.331331331331,0.0642337020888948
138.389389389389,0.0636386471288278
138.447447447447,0.0630518037135458
138.505505505506,0.0624730217951783
138.563563563564,0.0619021547295939
138.621621621622,0.061339059184379
138.67967967968,0.0607835950497013
138.737737737738,0.0602356253519508
138.795795795796,0.0596950161700637
138.853853853854,0.0591616365544343
138.911911911912,0.0586353584483203
138.96996996997,0.0581160566116621
139.028028028028,0.0576036085472219
139.086086086086,0.057097894428972
139.144144144144,0.0565987970326479
139.202202202202,0.0561062016683944
139.26026026026,0.0556199961154341
139.318318318318,0.0551400705586859
139.376376376376,0.0546663175272727
139.434434434434,0.0541986318348489
139.492492492492,0.053736910521689
139.550550550551,0.05328105279848
139.608608608609,0.0528309599917571
139.666666666667,0.052386535490931
139.724724724725,0.0519476846968514
139.782782782783,0.0515143149718604
139.840840840841,0.0510863355912814
139.898898898899,0.0506636576963003
139.956956956957,0.0502461942481932
140.015015015015,0.0498338599838553
140.073073073073,0.0494265713725905
140.131131131131,0.0490242465741206
140.189189189189,0.0486268053977739
140.247247247247,0.0482341692628189
140.305305305305,0.0478462611599013
140.363363363363,0.0474630056135555
140.421421421421,0.047084328645751
140.479479479479,0.0467101577404453
140.537537537538,0.0463404218091096
140.595595595596,0.0459750511571969
140.653653653654,0.0456139774515259
140.711711711712,0.0452571336885481
140.76976976977,0.0449044541634734
140.827827827828,0.0445558744402289
140.885885885886,0.0442113313222227
140.943943943944,0.0438707628238892
141.002002002002,0.0435341081429929
141.06006006006,0.0432013076336673
141.118118118118,0.0428723027801666
141.176176176176,0.0425470361713072
141.234234234234,0.0422254514755829
141.292292292292,0.0419074934169281
141.35035035035,0.0415931077511135
141.408408408408,0.0412822412427545
141.466466466466,0.0409748416429131
141.524524524525,0.0406708576672789
141.582582582583,0.0403702389749082
141.640640640641,0.0400729361475082
141.698698698699,0.0397789006692488
141.756756756757,0.0394880849070868
141.814814814815,0.0392004420915892
141.872872872873,0.0389159262982377
141.930930930931,0.0386344924292061
141.988988988989,0.0383560961955915
142.047047047047,0.0380806941000893
142.105105105105,0.0378082434200999
142.163163163163,0.0375387021912533
142.221221221221,0.03727202919134
142.279279279279,0.0370081839246378
142.337337337337,0.0367471266066231
142.395395395395,0.0364888181490552
142.453453453453,0.0362332201454238
142.511511511512,0.0359802948567502
142.56956956957,0.0357300051977314
142.627627627628,0.0354823147232181
142.685685685686,0.0352371876150174
142.743743743744,0.0349945886690123
142.801801801802,0.0347544832825873
142.85985985986,0.0345168374423533
142.917917917918,0.0342816177121641
142.975975975976,0.0340487912214149
143.034034034034,0.0338183256536172
143.092092092092,0.033590189235241
143.15015015015,0.0333643507248178
143.208208208208,0.0331407794022989
143.266266266266,0.032919445058659
143.324324324324,0.0327003179857422
143.382382382382,0.0324833689663414
143.44044044044,0.0322685692645057
143.498498498498,0.0320558906160712
143.556556556557,0.0318453052194069
143.614614614615,0.0316367857263723
143.672672672673,0.0314303052334801
143.730730730731,0.0312258372732583
143.788788788789,0.0310233558058087
143.846846846847,0.0308228352105535
143.904904904905,0.0306242502781682
143.962962962963,0.0304275762026941
144.021021021021,0.0302327885738269
144.079079079079,0.0300398633693766
144.137137137137,0.0298487769478936
144.195195195195,0.029659506041459
144.253253253253,0.0294720277486316
144.311311311311,0.0292863195275514
144.369369369369,0.0291023591891927
144.427427427427,0.0289201248907646
144.485485485485,0.0287395951292553
144.543543543544,0.0285607487351156
144.601601601602,0.0283835648660793
144.65965965966,0.0282080230011166
144.717717717718,0.0280341029345168
144.775775775776,0.0278617847700986
144.833833833834,0.0276910489155427
144.891891891892,0.0275218760768461
144.94994994995,0.0273542472528935
145.008008008008,0.027188143730143
145.066066066066,0.0270235470774251
145.124124124124,0.0268604391408498
145.182182182182,0.0266988020388209
145.24024024024,0.0265386181571543
145.298298298298,0.0263798701442989
145.356356356356,0.0262225409066552
145.414414414414,0.026066613603992
145.472472472472,0.0259120716449573
145.530530530531,0.0257588986826822
145.588588588589,0.0256070786104741
145.646646646647,0.0254565955575984
145.704704704705,0.0253074338851473
145.762762762763,0.025159578181991
145.820820820821,0.0250130132608122
145.878878878879,0.0248677241542205
145.936936936937,0.0247236961109455
145.994994994995,0.0245809145921059
146.053053053053,0.0244393652675538
146.111111111111,0.0242990340122922
146.169169169169,0.0241599069029641
146.227227227227,0.0240219702144108
146.285285285285,0.0238852104162991
146.343343343343,0.0237496141698152
146.401401401401,0.0236151683244233
146.459459459459,0.0234818599146886
146.517517517518,0.0233496761571618
146.575575575576,0.0232186044473258
146.633633633634,0.0230886323566007
146.691691691692,0.0229597476294073
146.74974974975,0.0228319381802888
146.807807807808,0.0227051920910864
146.865865865866,0.0225794976081704
146.923923923924,0.0224548431397246
146.981981981982,0.0223312172530824
147.04004004004,0.0222086086721143
147.098098098098,0.0220870062746649
147.156156156156,0.0219663990900387
147.214214214214,0.0218467762965341
147.272272272272,0.0217281272190234
147.33033033033,0.0216104413265792
147.388388388388,0.0214937082301446
147.446446446446,0.0213779176802481
147.504504504504,0.0212630595647607
147.562562562563,0.0211491239066952
147.620620620621,0.0210361008620462
147.678678678679,0.0209239807176706
147.736736736737,0.0208127538892069
147.794794794795,0.0207024109190336
147.852852852853,0.0205929424742646
147.910910910911,0.0204843393447819
147.968968968969,0.0203765924413042
148.027027027027,0.0202696927934908
148.085085085085,0.0201636315480802
148.143143143143,0.0200583999670627
148.201201201201,0.0199539894258853
148.259259259259,0.0198503914116907
148.317317317317,0.0197475975215869
148.375375375375,0.0196455994609476
148.433433433433,0.0195443890417447
148.491491491492,0.0194439581809093
148.54954954955,0.0193442988987226
148.607607607608,0.0192454033172351
148.665665665666,0.0191472636587146
148.723723723724,0.019049872244121
148.781781781782,0.0189532214916084
148.83983983984,0.0188573039150536
148.897897897898,0.0187621121226108
148.955955955956,0.0186676388152912
149.014014014014,0.0185738767855675
149.072072072072,0.0184808189160033
149.13013013013,0.0183884581779061
149.188188188188,0.0182967876300034
149.246246246246,0.0182058004171423
149.304304304304,0.0181154897690114
149.362362362362,0.0180258489988844
149.42042042042,0.0179368715023859
149.478478478478,0.0178485507562784
149.536536536537,0.0177608803172692
149.594594594595,0.0176738538208389
149.652652652653,0.017587464980089
149.710710710711,0.0175017075846097
149.768768768769,0.0174165754993663
149.826826826827,0.0173320626636049
149.884884884885,0.0172481630897766
149.942942942943,0.0171648708624793
150.001001001001,0.0170821801374184
150.059059059059,0.0170000851403831
150.117117117117,0.016918580166242
150.175175175175,0.0168376595779538
150.233233233233,0.0167573178055951
150.291291291291,0.0166775493454043
150.349349349349,0.0165983487588416
150.407407407407,0.0165197106716638
150.465465465465,0.0164416297730153
150.523523523524,0.0163641008145332
150.581581581582,0.016287118609468
150.63963963964,0.0162106780318175
150.697697697698,0.0161347740154761
150.755755755756,0.0160594015533971
150.813813813814,0.015984555696769
150.871871871872,0.0159102315542051
150.92992992993,0.0158364242909463
150.987987987988,0.0157631291280764
151.046046046046,0.0156903413417507
151.104104104104,0.0156180562624364
151.162162162162,0.0155462692741653
151.22022022022,0.0154749758137989
151.278278278278,0.0154041713703048
151.336336336336,0.0153338514840444
151.394394394394,0.0152640117460728
151.452452452452,0.015194647797449
151.510510510511,0.015125755328557
151.568568568569,0.0150573300784386
151.626626626627,0.0149893678341353
151.684684684685,0.0149218644300415
151.742742742743,0.0148548157472679
151.800800800801,0.0147882177130141
151.858858858859,0.0147220662999517
151.916916916917,0.0146563575256167
151.974974974975,0.0145910874518115
152.033033033033,0.0145262521840158
152.091091091091,0.0144618478708075
152.149149149149,0.0143978707032912
152.207207207207,0.0143343169145367
152.265265265265,0.0142711827790257
152.323323323323,0.0142084646121067
152.381381381381,0.0141461587694588
152.439439439439,0.0140842616465631
152.497497497498,0.0140227696781829
152.555555555556,0.0139616793378508
152.613613613614,0.0139009871373648
152.671671671672,0.0138406896262907
152.72972972973,0.0137807833914732
152.787787787788,0.0137212650565538
152.845845845846,0.0136621312814955
152.903903903904,0.0136033787621162
152.961961961962,0.0135450042296269
153.02002002002,0.0134870044501788
153.078078078078,0.0134293762244158
153.136136136136,0.0133721163870345
153.194194194194,0.0133152218063503
153.252252252252,0.0132586893838698
153.31031031031,0.0132025160538702
153.368368368368,0.0131466987829841
153.426426426426,0.013091234569791
153.484484484484,0.0130361204444146
153.542542542543,0.0129813534681256
153.600600600601,0.0129269307329515
153.658658658659,0.0128728493612906
153.716716716717,0.0128191065055325
153.774774774775,0.0127656993476843
153.832832832833,0.0127126250990014
153.890890890891,0.0126598809996246
153.948948948949,0.0126074643182216
154.007007007007,0.0125553723516342
154.065065065065,0.0125036024245307
154.123123123123,0.0124521518890624
154.181181181181,0.0124010181245263
154.239239239239,0.0123501985370318
154.297297297297,0.0122996905591718
154.355355355355,0.0122494916497001
154.413413413413,0.0121995992932111
154.471471471471,0.0121500109998264
154.52952952953,0.0121007243048838
154.587587587588,0.0120517367686322
154.645645645646,0.0120030459759298
154.703703703704,0.0119546495359471
154.761761761762,0.0119065450818742
154.81981981982,0.0118587302706315
154.877877877878,0.0118112027825852
154.935935935936,0.0117639603212661
154.993993993994,0.0117170006130931
155.052052052052,0.0116703214070999
155.11011011011,0.0116239204746658
155.168168168168,0.0115777956092498
155.226226226226,0.0115319446261294
155.284284284284,0.0114863653621417
155.342342342342,0.0114410556754291
155.4004004004,0.0113960134451877
155.458458458458,0.0113512365714203
155.516516516517,0.0113067229746909
155.574574574575,0.0112624705958848
155.632632632633,0.01121847739597
155.690690690691,0.0111747413557635
155.748748748749,0.0111312604756992
155.806806806807,0.0110880327756003
155.864864864865,0.0110450562944538
155.922922922923,0.0110023290901891
155.980980980981,0.010959849239458
156.039039039039,0.0109176148374195
156.097097097097,0.0108756239975262
156.155155155155,0.0108338748513137
156.213213213213,0.0107923655481939
156.271271271271,0.0107510942552491
156.329329329329,0.0107100591570312
156.387387387387,0.0106692584553613
156.445445445445,0.0106286903691337
156.503503503504,0.0105883531341218
156.561561561562,0.010548245002786
156.61961961962,0.0105083642440854
156.677677677678,0.0104687091432909
156.735735735736,0.0104292780018015
156.793793793794,0.0103900691369623
156.851851851852,0.0103510808818854
156.90990990991,0.0103123115852733
156.967967967968,0.0102737596112438
157.026026026026,0.0102354233391581
157.084084084084,0.0101973011634506
157.142142142142,0.010159391493461
157.2002002002,0.0101216927532688
157.258258258258,0.0100842033815295
157.316316316316,0.0100469218313132
157.374374374374,0.0100098465699457
157.432432432432,0.00997297607885047
157.49049049049,0.00993630885339412
157.548548548549,0.00989984340273257
157.606606606607,0.00986357824966004
157.664664664665,0.00982751193045949
157.722722722723,0.00979164299475525
157.780780780781,0.00975597000536739
157.838838838839,0.00972049153816792
157.896896896897,0.00968520618193891
157.954954954955,0.0096501125382323
158.013013013013,0.00961520922123162
158.071071071071,0.0095804948576153
158.129129129129,0.00954596808642175
158.187187187187,0.00951162755891628
158.245245245245,0.00947747193845943
158.303303303303,0.00944349990037718
158.361361361361,0.00940971013183261
158.419419419419,0.00937610133169932
158.477477477477,0.00934267221043632
158.535535535536,0.00930942148996443
158.593593593594,0.00927634790354442
158.651651651652,0.00924345019565642
158.70970970971,0.009210727121881
158.767767767768,0.00917817744878154
158.825825825826,0.00914579995378832
158.883883883884,0.00911359342508373
158.941941941942,0.00908155666148909
159,0.00904968847235282
