0.05 0.0950653492671547 0.0344605292469367
0.1 0.180862339701162 0.0654955967696566
0.15 0.258067589881705 0.0932971910178561
0.2 0.327315578385443 0.118046442828205
0.25 0.389198764341583 0.139917325065977
0.3 0.444269623104263 0.159077409926782
0.35 0.493046616615874 0.175684236570643
0.4 0.536011463251232 0.189890303440308
0.45 0.573615346878287 0.201840876183222
0.5 0.606278919708981 0.211673670548347
0.55 0.634394572594244 0.219520798705444
0.6 0.658327849370611 0.225508561672414
0.65 0.678420113002627 0.229756587018051
0.7 0.694988531032043 0.232379873061809
0.75 0.708329408215702 0.233487504839849
0.8 0.718717408643867 0.23318320076595
0.85 0.726409272025422 0.231566202194571
0.9 0.731642791078132 0.228730445304929
0.95 0.734639743828398 0.224765791102009
1 0.735605710851326 0.219757530138609
1.05 0.734731574474624 0.213786736391208
1.1 0.732194433477406 0.206930402136597
1.15 0.72815845392152 0.199261805773167
1.2 0.722775741673784 0.190850328152198
1.25 0.716187337670272 0.181762057107706
1.3 0.708523483128793 0.172059557711563
1.35 0.699904715800283 0.161801906671898
1.4 0.69044230292314 0.151045272804611
1.45 0.680239263158783 0.139842763200236
1.5 0.669390016361572 0.12824460902415
1.55 0.657982120345301 0.116298579989745
1.6 0.646095504952 0.104049557945455
1.65 0.633804164120552 0.0915398652395637
1.7 0.621175611057345 0.0788096094877542
1.75 0.608271986724248 0.0658964125383391
1.8 0.595150042699567 0.0528358131935372
1.85 0.581862095977268 0.0396611040467011
1.9 0.568455111240599 0.0264037497573414
1.95 0.554972520791936 0.0130933965074635
2 0.541453535673833 -0.000242504499752944
2.05 0.527933686005973 -0.0135779365008987
2.1 0.514445345774473 -0.0268887636207367
2.15 0.501017379857047 -0.0401520754936931
2.2 0.487675912646351 -0.0533470509441315
2.25 0.474444581507529 -0.066453626529592
2.3 0.46134432025387 -0.079454028197235
2.35 0.448393576161084 -0.0923308003620035
2.4 0.435609332358199 -0.105068270717034
2.45 0.423005789988172 -0.117651993707628
2.5 0.410595907130862 -0.130068683772526
2.55 0.398390578449862 -0.142305622826499
2.6 0.386399563866697 -0.154352042854166
2.65 0.374630808506555 -0.166197251449851
2.7 0.363091282219593 -0.177831948405866
2.75 0.351786427131258 -0.189247467040393
2.8 0.34072090674404 -0.200436277109251
2.85 0.329898147327071 -0.211391286601465
2.9 0.319320789048912 -0.222106688705988
2.95 0.308990826736515 -0.23257684117406
3 0.298909074813984 -0.242796880922705
3.05 0.289075985990064 -0.252762821766755
3.1 0.279491282302279 -0.262471272580793
3.15 0.270154012190924 -0.271919058572455
3.2 0.26106289198175 -0.28110378779904
3.25 0.252216182371069 -0.290023436809045
3.3 0.243611412349111 -0.298676759017215
3.35 0.235246263348812 -0.30706282647454
3.4 0.227117769253437 -0.315181020189429
3.45 0.219222578545283 -0.323030937146852
3.5 0.21155747790782 -0.330612966264784
3.55 0.204118844900551 -0.337927515471027
3.6 0.196902719583053 -0.344975930805479
3.65 0.189905006817127 -0.351759010980328
3.7 0.183121523459243 -0.35827843181591
3.75 0.176548042721104 -0.364535480270348
3.8 0.17018039335717 -0.370532594911043
3.85 0.164013926490514 -0.376271846713836
3.9 0.158044122544744 -0.381755844747685
3.95 0.152266605453306 -0.386987122243914
4 0.146676832043912 -0.391968360234746
4.05 0.14127037617449 -0.396702736705433
4.1 0.136042511569338 -0.401193252112477
4.15 0.13098854929259 -0.405443311863407
4.2 0.126104036946701 -0.409456331705481
4.25 0.121384299298328 -0.413235714183266
4.3 0.116825066774355 -0.416784969953269
4.35 0.112421869175356 -0.42010798838824
4.4 0.108170472636119 -0.423208466293205
4.45 0.104066325264046 -0.42609062388386
4.5 0.100105360833896 -0.428758202096197
4.55 0.0962831418272196 -0.431215119812314
4.6 0.0925959017912548 -0.433465419781737
4.65 0.0890392409473936 -0.435513371736743
4.7 0.0856093162737364 -0.437363021820644
4.75 0.082302051649843 -0.439018556951065
4.8 0.0791138719708968 -0.440484160271472
4.85 0.076040881077001 -0.441763920856492
4.9 0.0730796455506369 -0.442862203469377
4.95 0.0702262992178692 -0.443782990860148
5 0.0674775145457502 -0.444530898191783
5.05 0.0648297716644515 -0.445109774893342
5.1 0.0622799066648803 -0.445524171560593
5.15 0.0598245436867653 -0.445777741620395
5.2 0.057460649585929 -0.445875039378844
5.25 0.0551849199085582 -0.445819843842048
5.3 0.0529946434236206 -0.445616557556617
5.35 0.0508866977102753 -0.445269176590227
5.4 0.0488583982616247 -0.444781701258612
5.45 0.0469069296243175 -0.444158192485307
5.5 0.045029552831601 -0.443402502994962
5.55 0.0432237816484745 -0.442518566782912
5.6 0.041487067096151 -0.441510397199464
5.65 0.0398168161395528 -0.440381720095306
5.7 0.0382108869973577 -0.439136336739938
5.75 0.0366669114066334 -0.437777803074573
5.8 0.0351826224842592 -0.436310096148973
5.85 0.0337559640247226 -0.434736783099218
5.9 0.0323848126071164 -0.433061555622911
5.95 0.031067015954392 -0.43128770466004
6 0.0298007650086792 -0.429418859403974
6.05 0.02858412468071 -0.427458351087029
6.1 0.0274153391228108 -0.425409682772673
6.15 0.026292517875945 -0.42327589251682
6.2 0.0252140720045908 -0.421060498787296
6.25 0.0241782951976237 -0.418766547121177
6.3 0.0231837151262992 -0.416397372535336
6.35 0.0222284431000791 -0.413955726462112
6.4 0.0213112863604322 -0.411444886131857
6.45 0.0204305642947833 -0.408867631056316
6.5 0.0195852638009298 -0.406226924212898
6.55 0.0187738787805898 -0.403525644907532
6.6 0.0179950006283515 -0.40076646683061
6.65 0.0172473496110283 -0.397952076048464
6.7 0.0165299418986064 -0.395085187037107
6.75 0.0158414622808824 -0.392168394090543
6.8 0.0151808997168817 -0.389204200714571
6.85 0.0145470569116175 -0.386195302008878
6.9 0.0139388726204403 -0.383143846249399
6.95 0.0133553522171946 -0.38005213565584
7 0.0127956598283269 -0.376922720580267
7.05 0.0122588271371046 -0.37375782701341
7.1 0.0117439411581916 -0.370559523260864
7.15 0.0112500639532503 -0.367330053706346
7.2 0.010776516269002 -0.364071446522375
7.25 0.0103224183125084 -0.360785717777815
7.3 0.00988699084140143 -0.357474861543983
7.35 0.00946940594654521 -0.354140722210409
7.4 0.00906908926143863 -0.350785261912742
7.45 0.00868524311415292 -0.347410310253707
7.5 0.0083172332001776 -0.344017526934447
7.55 0.00796444437369651 -0.340608574964543
7.6 0.00762625754181179 -0.337185290693652
7.65 0.00730219063503984 -0.333749190124372
7.7 0.00699156556237962 -0.33030187895919
7.75 0.00669382756514437 -0.326844963436536
7.8 0.00640845241878868 -0.323379684053036
7.85 0.00613501760721912 -0.319907625479356
7.9 0.00587311515517909 -0.316430170991465
7.95 0.00562224456496327 -0.312948535442685
8 0.00538173065389764 -0.309464164877062
8.05 0.00515135749348685 -0.30597819380452
8.1 0.00493057832790531 -0.302491864600419
8.15 0.00471910794920892 -0.299006321867132
8.2 0.00451661393931598 -0.295522868690341
8.25 0.00432271810139439 -0.292042456654039
8.3 0.0041368904691608 -0.288566145590111
8.35 0.00395901745819505 -0.285094935640731
8.4 0.00378870403983283 -0.281629674145563
8.45 0.00362557289646402 -0.27817134159067
8.5 0.00346933057163984 -0.27472090912379
8.55 0.00331961911153407 -0.271279100488375
8.6 0.00317626217107382 -0.267846913714111
8.65 0.00303905461469712 -0.264425115951336
8.7 0.00290773753611416 -0.261014327431199
8.75 0.00278188136669031 -0.257615332949534
8.8 0.00266139350567326 -0.254228836748036
8.85 0.00254603761505481 -0.250855553324118
8.9 0.00243572396127759 -0.247496046675363
8.95 0.00232997888003145 -0.244150935187675
9 0.00222876298245685 -0.240820776093808
9.05 0.00213175422305566 -0.23750604754246
9.1 0.00203900871558165 -0.234207480535183
9.15 0.00195013003041389 -0.230925428674788
9.2 0.00186525977292144 -0.227660242728711
9.25 0.00178389140092123 -0.224412575107104
9.3 0.00170616237724621 -0.221182642027037
9.35 0.00163169034392615 -0.217971093771148
9.4 0.00156050735149593 -0.214777932871345
9.45 0.00149227241944325 -0.211603783136744
9.5 0.00142698015015794 -0.208448747824611
9.55 0.00136439765290319 -0.205313365755968
9.6 0.00130461251296377 -0.2021976979693
9.65 0.00124732546118427 -0.199102141088117
9.7 0.00119271102317911 -0.196026750318679
9.75 0.0011402852035913 -0.19297200991986
9.8 0.00109032760934925 -0.189937889703915
9.85 0.00104238908209918 -0.186924584272511
9.9 0.000996663338184057 -0.183932163499214
9.95 0.000952715553388505 -0.18096082676612
10 0.000910794756556866 -0.17801084600222
10.05 0.000870521388519914 -0.175082276505257
10.1 0.000832167500272331 -0.172175213130012
10.15 0.000795375926036791 -0.169289592289273
10.2 0.000760327927610919 -0.166425584977252
10.25 0.000726680859912925 -0.163583116155448
10.3 0.000694639831333669 -0.160762396075748
10.35 0.00066389153938872 -0.157963121725876
10.4 0.000634675166296291 -0.155185561921515
10.45 0.000606579200506242 -0.152429600006766
10.5 0.00057970958011275 -0.149695189546754
10.55 0.000553991172326964 -0.146982271793719
10.6 0.000529428898859043 -0.14429080703677
10.65 0.000505866015076956 -0.141620831303045
10.7 0.000483449624480749 -0.138972075245323
10.75 0.000461946686493179 -0.136344603148088
10.8 0.000441422837105231 -0.133738203207261
10.85 0.000421725799415463 -0.131152789228578
10.9 0.000402858601491177 -0.128588279513525
10.95 0.000384803076060422 -0.126044423095094
11 0.000367656724448575 -0.123521089389306
11.05 0.000351259532276265 -0.121018387546397
11.1 0.00033555435628665 -0.118535901307456
11.15 0.000320483947685756 -0.116073527705149
11.2 0.000306110878636908 -0.113631048101408
11.25 0.000292352933917249 -0.11120834662815
11.3 0.000279186120479891 -0.108805059971565
11.35 0.000266628401358105 -0.106421141237694
11.4 0.000254664914239631 -0.104056272479821
11.45 0.000243148842995929 -0.101710326333511
11.5 0.000232146713813581 -0.0993831455406143
11.55 0.000221615971323846 -0.0970743733469
11.6 0.000211473293663641 -0.0947837766179315
11.65 0.000201755768812241 -0.0925110588369991
11.7 0.000192442548078995 -0.0902558083813406
11.75 0.000183512256138818 -0.0880179224696931
11.8 0.000174998542404122 -0.0857971595023291
11.85 0.000166862006368155 -0.0835932727613058
11.9 0.000159113950624271 -0.0814059364633236
11.95 0.00015168642957357 -0.0792349455302351
12 0.00014453588878273 -0.0770799123314615
12.05 0.000137568499397139 -0.074940607181378
12.1 0.000130851966733028 -0.0728166588318674
12.15 0.000124525656329184 -0.0707075950360893
12.2 0.000118570362219024 -0.0686132051649125
12.25 0.000112882613173855 -0.0665332205326948
12.3 0.000107345266046545 -0.0644673427129051
12.35 0.000102118357663628 -0.0624153600675017
12.4 9.70933206772765E-05 -0.0603767620509439
12.45 9.23187664439719E-05 -0.0583511747631127
12.5 8.78141891287957E-05 -0.0563384487350424
12.55 8.3387231660669E-05 -0.0543382562904703
12.6 7.90582089224462E-05 -0.0523499743709363
12.65 7.49290721170747E-05 -0.0503733114070353
12.7 7.09395452162151E-05 -0.0484079165873999
12.75 6.71835266462945E-05 -0.0464533731057069
12.8 6.34961642914865E-05 -0.0445096141780627
12.85 5.99609200298772E-05 -0.0425762204442253
12.9 5.64864620246192E-05 -0.0406524567774472
12.95 5.31437424549466E-05 -0.0387380481779115
13 4.99109972997773E-05 -0.036832933350571
13.05 4.68988665493722E-05 -0.0349363876396232
13.1 4.39322736928332E-05 -0.0330480849182225
13.15 4.0977127037777E-05 -0.0311677055361704
13.2 3.80529899807832E-05 -0.0292945966919855
13.25 3.5216961960433E-05 -0.0274286912995082
13.3 3.25565129821285E-05 -0.0255696599925
13.35 3.00713210763902E-05 -0.023716695966185
13.4 2.74696699258241E-05 -0.021869591505355
13.45 2.4882954282503E-05 -0.0200278522520067
13.5 2.24473422331369E-05 -0.0181911638330507
13.55 2.01325603576439E-05 -0.0163588434622956
13.6 1.78729965384527E-05 -0.0145308432851007
13.65 1.55451789099108E-05 -0.0127063027913847
13.7 1.32402148953727E-05 -0.0108850718485102
13.75 1.09678381151437E-05 -0.00906660942924166
13.8 8.82787856376619E-06 -0.00725055988989133
13.85 6.62181554897417E-06 -0.00543624050213903
13.9 4.40611157096277E-06 -0.00362338979501656
13.95 2.17624925959344E-06 -0.00181139394877033
