0.3 0.444490932409031 0.155196173921635
0.6 0.658573963312832 0.22001178673765
0.9 0.731825387533078 0.223181238994164
1.2 0.722866108589285 0.186272846148562
1.5 0.669390480445289 0.125255097243332
1.8 0.595075997597712 0.0517478694169113
2.1 0.514316998662524 -0.0259815523159138
2.4 0.43544617578918 -0.102228705454683
2.7 0.362909768794649 -0.173228466215018
3 0.298722410207184 -0.236665273992293
3.3 0.243428904848184 -0.291290555367223
3.6 0.196730801620506 -0.336625818578153
3.9 0.157886909277274 -0.372733969785652
4.2 0.125962845292013 -0.400044741177162
4.5 0.0999809688441808 -0.419222848609676
4.8 0.0790055716705923 -0.43106972123919
5.1 0.0621868149682595 -0.436451456952071
5.4 0.0487790741802168 -0.436247129405015
5.7 0.0381440062151725 -0.431312766228621
6 0.0297450261199963 -0.422457283899778
6.3 0.0231374401905642 -0.410427444522648
6.6 0.0179568580956322 -0.395899527516421
6.9 0.0139074389208695 -0.37947591315042
7.2 0.0107508356406242 -0.361685178124726
7.5 0.0082962655522175 -0.342984624943246
7.8 0.00639186567208467 -0.323764422210583
8.1 0.00491733403687764 -0.304352734919632
8.4 0.00377777104620465 -0.285021382667309
8.7 0.00289859311118482 -0.265991688007052
9 0.00222137647356023 -0.247440273707624
9.3 0.00170049070549403 -0.229504642133161
9.6 0.00130039174062439 -0.212288426823223
9.9 0.000993458704712271 -0.195866249299557
10.2 0.000758274501156185 -0.180288146114242
10.5 0.00057826543634469 -0.165583554559132
10.8 0.000440629273681314 -0.151764862184465
11.1 0.000335493588800782 -0.138830536847846
11.4 0.000255257054411073 -0.12676786164494
11.7 0.000194075368361722 -0.115555303720531
12 0.000147461096479877 -0.105164548380102
12.3 0.000111972913791848 -0.0955622307116476
12.6 8.49747839003074E-05 -0.0867113965476445
12.9 6.44496984073592E-05 -0.0785727234057487
13.2 4.88558716161624E-05 -0.071105530318066
13.5 3.70158953323703E-05 -0.0642686034006062
