0.3 0.436903432897177 0.160926292210225
0.6 0.650139073766602 0.228863864899867
0.9 0.725585121874591 0.233215202037998
1.2 0.719810085516444 0.196092892051464
1.5 0.669450963715214 0.13390316984771
1.8 0.597710453485677 0.0586131532215953
2.1 0.518834036727797 -0.0212389851104351
2.4 0.44117534420113 -0.0997414047789277
2.7 0.369278983077928 -0.172974068171365
3 0.305283200037189 -0.238509220363808
3.3 0.249854073557308 -0.295020547503925
3.6 0.20279900833282 -0.341979192591035
3.9 0.163462726210582 -0.379419099331738
4.2 0.130976749361077 -0.407757460811437
4.5 0.104411476361097 -0.427658746256184
4.8 0.0828643471465491 -0.439933060555701
5.1 0.0655069638738631 -0.445461308369462
5.4 0.0516061918051266 -0.445141386057231
5.7 0.0405297184131378 -0.439850271209947
6 0.0317424504365974 -0.430418785972112
6.3 0.0247982029704444 -0.417615253529267
6.6 0.0193291855855466 -0.402136623002195
6.9 0.0150351831286846 -0.384604262477547
7.2 0.0116729735027255 -0.365563786337063
7.5 0.00904687993978784 -0.345487218094092
7.8 0.00700033268594611 -0.324776923612828
8.1 0.00540870518902042 -0.303770707361292
8.4 0.00417316536662514 -0.282747316244
8.7 0.0032157090256521 -0.261932364027574
9 0.00247489817366486 -0.24150405033308
9.3 0.00190253612526685 -0.221598767277229
9.6 0.00146088686925035 -0.202316376093532
9.9 0.00112049663586261 -0.183725032669336
10.2 0.000858391952613957 -0.165865635021685
10.5 0.000656732592245405 -0.148755735684845
10.8 0.000501646876737559 -0.132393015226001
11.1 0.000382376852797351 -0.116758332586644
11.4 0.000290581702458209 -0.101818298063222
11.7 0.000219792841633007 -0.0875274833683345
12 0.000164972218328312 -0.0738302121156346
12.3 0.000122202070985598 -0.0606619841642688
12.6 8.84056506106317E-05 -0.0479506440410661
12.9 6.11272786304137E-05 -0.0356171448769029
13.2 3.838119870262E-05 -0.0235761502815768
13.5 1.85001732348595E-05 -0.0117362431505645
