0.05 0.0950655635592408 0.0344602327832527 -0.0329124429103324
0.1 0.180862083670167 0.0654958075551584 -0.0625362836791565
0.15 0.258067374101559 0.0932971975381335 -0.0890383314819223
0.2 0.32731518618915 0.118046521355814 -0.112579583892045
0.25 0.389197891679831 0.139917869602924 -0.133315384711627
0.3 0.444269030582902 0.159077603690016 -0.151395582292134
0.35 0.493045663577449 0.175684669435416 -0.166964675018365
0.4 0.536010631515943 0.189890874226241 -0.180161963336987
0.45 0.573614656293208 0.201841169742862 -0.191121692238774
0.5 0.606278327554619 0.211673921608681 -0.199973191390699
0.55 0.634393963738325 0.219521166695264 -0.206841013964182
0.6 0.658327378317955 0.225508861849231 -0.211845070687136
0.65 0.678419522051926 0.229757125756188 -0.215100760480562
0.7 0.694988043812963 0.23238047114951 -0.216719099010625
0.75 0.7083287514132 0.233488024739111 -0.216806843871828
0.8 0.718716983494871 0.233183747966119 -0.215466616977098
0.85 0.726408904785868 0.231566640250161 -0.212797022863713
0.9 0.731642721959523 0.228730940923654 -0.208892766901189
0.95 0.734639822274323 0.224766321292343 -0.203844767018533
1 0.735605849774861 0.219758070096657 -0.197740266457173
1.05 0.734731715405369 0.213787272151709 -0.19066294034409
1.1 0.732194541069836 0.206930982379497 -0.182693003855773
1.15 0.728158553227887 0.199262388376004 -0.17390731230994
1.2 0.722775917944139 0.19085097386192 -0.164379465029335
1.25 0.716187529853084 0.181762669523723 -0.154179900813161
1.3 0.708523742084075 0.172060002413516 -0.143375995896906
1.35 0.699905066640084 0.1618022384204 -0.132032156038536
1.4 0.690442820774257 0.151045519582813 -0.12020990908112
1.45 0.680239737666789 0.139842996983654 -0.107967992280899
1.5 0.669390536862228 0.128244956191846 -0.0953624406474703
1.55 0.657982466831214 0.116298940375852 -0.0824466707647587
1.6 0.646095802305552 0.104049868960811 -0.0692715631795475
1.65 0.633804319288135 0.0915401492845781 -0.0558855438407276
1.7 0.621175738695369 0.0788097878013876 -0.0423346611610515
1.75 0.608272140931523 0.065896493150931 -0.0286626638423974
1.8 0.595150353165422 0.0528357768369243 -0.0149110744566515
1.85 0.581862317540261 0.0396610509353354 -0.00111926256853681
1.9 0.568455428734581 0.0264037217997448 0.012675484501307
1.95 0.554972856620672 0.0130932786078506 0.0264378927347841
2 0.541453842670164 -0.000242619241327253 0.0401346340972937
2.05 0.527933984227174 -0.0135780604076603 0.0537342611744035
2.1 0.514445492445315 -0.0268888031248554 0.0672071434147082
2.15 0.501017441494824 -0.0401521949033405 0.0805254044989686
2.2 0.487675996014201 -0.0533471031495338 0.0936628625371286
2.25 0.474444624441331 -0.0664538414500164 0.106594970279121
2.3 0.461344302555905 -0.0794541040027429 0.119298758766209
2.35 0.448393699573127 -0.0923308998399106 0.131752780195125
2.4 0.435609351892803 -0.105068489558285 0.143937054991692
2.45 0.423005827485708 -0.11765232692438 0.155833017280739
2.5 0.410595880879358 -0.130068998285983 0.167423464191978
2.55 0.398390591477586 -0.142306170574931 0.178692506845813
2.6 0.386399498486396 -0.15435253763164 0.189625518513022
2.65 0.374630725156507 -0.166197766686847 0.200209090501293
2.7 0.36309109455004 -0.177832453428362 0.210430983954912
2.75 0.351786233371079 -0.189248072408395 0.220280085449018
2.8 0.340720676930716 -0.200436932272922 0.229746363609997
2.85 0.329897961568137 -0.211392134475095 0.238820826197905
2.9 0.31932070820964 -0.222107530646362 0.24749547956601
2.95 0.308990704590622 -0.232577683390909 0.255763287218799
3 0.298908983585023 -0.242797829357958 0.263618132751741
3.05 0.289075886513138 -0.25276383996592 0.271054779956034
3.1 0.27949113262714 -0.26247219003959 0.278068837656755
3.15 0.270153878382901 -0.271919923816071 0.284656722705077
3.2 0.261062771685271 -0.281104621398018 0.290815626341617
3.25 0.252216003965566 -0.290024370876714 0.296543479502585
3.3 0.243611357972492 -0.298677736137357 0.301838920909827
3.35 0.235246251568633 -0.307063731165528 0.306701264664426
3.4 0.227117780472941 -0.315181793305304 0.311130469809337
3.45 0.219222752131137 -0.323031756584999 0.315127110157418
3.5 0.21155772475869 -0.330613829799539 0.318692345499929
3.55 0.204119035995694 -0.337928568798364 0.321827893337383
3.6 0.196902835456236 -0.344976858228285 0.324536001325213
3.65 0.189905108343042 -0.351759889840197 0.326819421267353
3.7 0.183121703407112 -0.358279139711717 0.328681382980755
3.75 0.176548355537663 -0.364536352402383 0.330125569929497
3.8 0.170180705331017 -0.37053351921639 0.331156094639134
3.85 0.164014318563831 -0.376272863042491 0.331777475615454
3.9 0.158044706602197 -0.381756819175771 0.331994614097752
3.95 0.152267338668095 -0.386988022595339 0.331812774326994
4 0.146677657419938 -0.391969290137106 0.331237558448978
4.05 0.141271094048948 -0.396703606325764 0.330274890333269
4.1 0.136043079895547 -0.401194110605679 0.328930992564905
4.15 0.130989054247229 -0.405444083182567 0.327212368574826
4.2 0.126104478516052 -0.409456933113335 0.325125784088567
4.25 0.121384843490922 -0.413236186712108 0.32267824888189
4.3 0.116825675499276 -0.416785474959793 0.319876999426018
4.35 0.112422545204215 -0.42010852506296 0.316729482175364
4.4 0.108171074664071 -0.423209147447368 0.313243337831101
4.45 0.104066941502144 -0.426091228771676 0.309426384678134
4.5 0.100105883854082 -0.428758720495779 0.305286604767509
4.55 0.0962837058960161 -0.431215632653158 0.300832128418335
4.6 0.0925962816639754 -0.433466023669775 0.296071220508826
4.65 0.0890395549844074 -0.43551399333241 0.291012267069409
4.7 0.0856095464388934 -0.437363675171411 0.285663761917127
4.75 0.0823023543970788 -0.439019230247296 0.280034294876539
4.8 0.0791141553473841 -0.440484839446441 0.274132537866097
4.85 0.076041207703003 -0.441764699531766 0.267967235926106
4.9 0.0730798516189366 -0.442863014069512 0.261547193658314
4.95 0.0702265097164294 -0.443783990683403 0.25488126571001
5 0.0674776886141788 -0.444531834587479 0.247978345656522
5.05 0.0648299783444262 -0.445110743989929 0.240847357206853
5.1 0.0622800542389033 -0.445524906555414 0.233497242843753
5.15 0.0598246738654994 -0.445778493437451 0.225936956951123
5.2 0.0574606798863357 -0.445875656213623 0.218175454871885
5.25 0.0551849976950338 -0.44582052326571 0.210221685423726
5.3 0.0529946346594932 -0.445617195935107 0.202084583041803
5.35 0.0508866803738869 -0.445269745467492 0.193773060115905
5.4 0.048858305884948 -0.444782210885525 0.18529599836899
5.45 0.0469067614949518 -0.444158593479763 0.176662243322148
5.5 0.0450293770265413 -0.44340285771357 0.167880596634757
5.55 0.043223560118449 -0.442518925991759 0.158959810125395
5.6 0.0414867943882422 -0.441510678012958 0.149908579142666
5.65 0.0398166391790692 -0.440381949350941 0.14073553701266
5.7 0.0382107272974976 -0.439136526622867 0.131449249666239
5.75 0.03666676431617 -0.43777814954224 0.122058209572332
5.8 0.0351825268805905 -0.436310505948997 0.112570831986721
5.85 0.0337558609747956 -0.43473723348527 0.102995448472886
5.9 0.0323846816535273 -0.433061916038768 0.0933403041438402
5.95 0.0310669683828387 -0.431288083759309 0.0836135517586705
6 0.0298007678769471 -0.42941921138355 0.073823249416577
6.05 0.0285841884521111 -0.427458718120306 0.0639773543248183
6.1 0.0274154012156494 -0.425409965866426 0.0540837225447003
6.15 0.02629263859867 -0.423276259581128 0.0441501017595097
6.2 0.025214190416652 -0.421060846210361 0.0341841314785312
6.25 0.0241784044411612 -0.418766914084538 0.0241933377714443
6.3 0.0231836837496898 -0.416397592378196 0.0141851320205662
6.35 0.0222284867350168 -0.413955951687502 0.00416680694435388
6.4 0.021311322496862 -0.411445002950602 -0.00585446430254257
6.45 0.0204307543617253 -0.408867697457828 -0.0158716320753291
6.5 0.019585393590677 -0.406226927388402 -0.0258777703638278
6.55 0.018773899957454 -0.403525524622548 -0.0358660803902169
6.6 0.0179949802195392 -0.400766261911426 -0.0458298912646793
6.65 0.0172473882920912 -0.397951852826002 -0.0557626623251636
6.7 0.0165299189583317 -0.395084951029415 -0.0656579835269385
6.75 0.0158414129241044 -0.392168151802879 -0.07550957784093
6.8 0.0151807518461672 -0.389203991122416 -0.0853113014810822
6.85 0.0145468565582698 -0.386194947376172 -0.0950571459244026
6.9 0.0139386873385194 -0.383143439659756 -0.10474123749946
6.95 0.0133552430671183 -0.38005183033258 -0.114357839090385
7 0.0127955577285767 -0.37692242421341 -0.12390135035068
7.05 0.0122587011541792 -0.373757469760108 -0.133366308496438
7.1 0.0117437783744147 -0.370559158385171 -0.142747388370159
7.15 0.0112499266513956 -0.367329626577089 -0.152039402906252
7.2 0.0107763144110802 -0.364070955264913 -0.161237302829344
7.25 0.010322143294338 -0.360785171140452 -0.170336178320221
7.3 0.00988664269440951 -0.357474246337608 -0.179331256048401
7.35 0.00946907131184116 -0.354140100932664 -0.188217902677046
7.4 0.00906871590041717 -0.350784601130646 -0.196991621375841
7.45 0.00868489131463412 -0.347409561438391 -0.205648053837591
7.5 0.00831693623690313 -0.344016745810441 -0.214182978457361
7.55 0.00796421610566343 -0.340607866631235 -0.222592310642913
7.6 0.00762612019406738 -0.33718458685065 -0.230872102551003
7.65 0.00730206032862488 -0.333748520775992 -0.239018540908382
7.7 0.00699147115426315 -0.330301233298941 -0.247027948456098
7.75 0.00669380995138935 -0.326844242328408 -0.254896781565639
7.8 0.00640855458530436 -0.323379018489698 -0.262621630285329
7.85 0.00613520221068798 -0.319906986756024 -0.270199217344201
7.9 0.00587327070300282 -0.316429526366796 -0.277626396828669
7.95 0.00562229575049371 -0.312947971770102 -0.284900153114462
8 0.00538183183835804 -0.309463613819752 -0.292017601180939
8.05 0.00515145023476371 -0.305977700090391 -0.298975983973641
8.1 0.00493073973472534 -0.30249143621697 -0.305772671357221
8.15 0.00471930453233907 -0.299005985392402 -0.312405160334756
8.2 0.00451676568524375 -0.295522471500343 -0.318871071748156
8.25 0.00432275724711123 -0.29204197669191 -0.325168151375512
8.3 0.00413692921398147 -0.288565544874934 -0.33129426639414
8.35 0.0039589453003147 -0.285094181132316 -0.337247405815386
8.4 0.00378848120945903 -0.281628852873418 -0.343025677231084
8.45 0.00362522730039967 -0.278170491068414 -0.348627307838859
8.5 0.0034688863424779 -0.274719989277084 -0.354050640523054
8.55 0.00331917148485014 -0.271278206208538 -0.359294134449726
8.6 0.00317580777840423 -0.267845966276353 -0.364356361623779
8.65 0.00303853237654625 -0.264424059031173 -0.36923600726862
8.7 0.00290709246372716 -0.261013241371419 -0.373931867153748
8.75 0.00278124448119178 -0.25761423721607 -0.37844284552036
8.8 0.00266075589117419 -0.254227739020097 -0.382767955673042
8.85 0.00254540438769716 -0.250854407124435 -0.386906315633809
8.9 0.00243497369642268 -0.247494872745238 -0.390857148360326
8.95 0.00232925855699077 -0.244149736504624 -0.394619779476806
9 0.00222806231920633 -0.240819570018296 -0.398193636099298
9.05 0.00213119497437641 -0.237504916477676 -0.401578244161596
9.1 0.00203847389107872 -0.234206291282744 -0.404773227698066
9.15 0.00194972629858264 -0.230924182977728 -0.407778306875787
9.2 0.00186478496698399 -0.227659053193092 -0.41059329601926
9.25 0.00178348865104628 -0.22441133833019 -0.413218102556178
9.3 0.00170568419342323 -0.221181448854455 -0.415652724349882
9.35 0.00163122425576214 -0.217969771315593 -0.417897248930976
9.4 0.00155996704106723 -0.214776667295468 -0.419951851145239
9.45 0.00149177766710089 -0.211602476594566 -0.42181679185515
9.5 0.00142652638043897 -0.208447514351704 -0.4234924160425
9.55 0.00136408860707448 -0.20531207471962 -0.424979150745632
9.6 0.00130434461346432 -0.20219642990028 -0.42627750415412
9.65 0.00124718024588516 -0.199100830677333 -0.427388062752682
9.7 0.00119248550039773 -0.196025507787476 -0.428311491224233
9.75 0.00114015568460892 -0.192970671016891 -0.429048528886825
9.8 0.00109008979647522 -0.189936511688095 -0.429599988857937
9.85 0.00104219126872718 -0.186923201493038 -0.429966757202171
9.9 0.000996367725555029 -0.183930894063295 -0.430149789308999
9.95 0.000952530383608137 -0.180959724203635 -0.430150110139114
10 0.000910593702887359 -0.17800980988516 -0.429968810868617
10.05 0.000870476717907032 -0.175081252001157 -0.429607048830698
10.1 0.00083210156156073 -0.172174134577243 -0.429066043962862
10.15 0.000795393557358268 -0.169288525851156 -0.428347079208589
10.2 0.000760280637112576 -0.166424477977757 -0.427451497082571
10.25 0.000726695027480786 -0.163582027910892 -0.426380699513121
10.3 0.000694570438296338 -0.160761198083336 -0.425136144355839
10.35 0.000663843762753378 -0.15796199667907 -0.4237193457509
10.4 0.000634454799258194 -0.155184417287386 -0.422131871471135
10.45 0.000606346658591068 -0.152428440332038 -0.420375341495829
10.5 0.000579463041575839 -0.149694032387816 -0.418451425919478
10.55 0.000553751621856573 -0.146981147784563 -0.41636184466697
10.6 0.000529161383276285 -0.144289728641202 -0.414108364129469
10.65 0.000505643322635955 -0.141619703715745 -0.41169279761449
10.7 0.000483151288679986 -0.138970991479445 -0.409117002028893
10.75 0.000461640327845756 -0.136343497370844 -0.406382877742275
10.8 0.000441068148618389 -0.133737117062119 -0.403492365517323
10.85 0.000421393619795677 -0.131151734636465 -0.400447447183088
10.9 0.000402578015842654 -0.128587224367451 -0.397250141764624
10.95 0.000384582863087324 -0.126043449485817 -0.393902506124701
11 0.00036737322787626 -0.12352026414054 -0.39040663205807
11.05 0.000350914299917259 -0.121017512135112 -0.386764645183392
11.1 0.000335173156422537 -0.11853502911025 -0.382978704545047
11.15 0.000320118494099119 -0.116072640250627 -0.379050999391028
11.2 0.000305721054502227 -0.113630162733466 -0.374983749572138
11.25 0.000291950742312026 -0.111207405232229 -0.370779203147709
11.3 0.000278779624711756 -0.108804167933043 -0.366439634938809
11.35 0.000266181959961884 -0.106420242664904 -0.361967346075959
11.4 0.000254132316906136 -0.104055414039824 -0.357364661881474
11.45 0.000242605462506907 -0.101709458621487 -0.352633930941621
11.5 0.00023157951128648 -0.0993821456907688 -0.34777752370643
11.55 0.00022103150536415 -0.097073237211709 -0.342797831230533
11.6 0.000210939488767969 -0.094782488795592 -0.337697263912481
11.65 0.000201282807411189 -0.0925096480611377 -0.332478250507527
11.7 0.000192043695789824 -0.0902544570180821 -0.327143236771201
11.75 0.000183201896954619 -0.0880166513660868 -0.321694683818334
11.8 0.000174739299210572 -0.085795959468267 -0.316135067778788
11.85 0.000166639928525259 -0.0835921048509887 -0.310466878083642
11.9 0.000158886662238658 -0.0814048036923037 -0.304692616471284
11.95 0.000151463428469008 -0.0792337678502311 -0.298814795862793
12 0.000144355282849815 -0.0770787027282541 -0.292835939587865
12.05 0.00013754768516324 -0.0749393079940276 -0.286758579475313
12.1 0.000131026844303259 -0.0728152786490153 -0.280585255606932
12.15 0.00012477894769942 -0.0707063037517624 -0.274318515204386
12.2 0.000118792227825625 -0.0686120676221365 -0.267960910838271
12.25 0.000113053649050628 -0.0665322495664702 -0.261515000758117
12.3 0.000107550747161107 -0.064466523380494 -0.254983346237575
12.35 0.000102272322237549 -0.0624145592168847 -0.248368512155324
12.4 9.72085246645266E-05 -0.0603760208613716 -0.241673064962014
12.45 9.23485447902525E-05 -0.0583505690743494 -0.234899572504956
12.5 8.76818715559942E-05 -0.0563378590477996 -0.228050602490303
12.55 8.31989835669757E-05 -0.0543375420301688 -0.221128722000517
12.6 7.88911057434551E-05 -0.0523492638780724 -0.214136496237448
12.65 7.47487988521903E-05 -0.0503726675814285 -0.207076488444025
12.7 7.07635576317073E-05 -0.0484073909821934 -0.19995125806797
12.75 6.69280777518867E-05 -0.0464530673256593 -0.192763360270983
12.8 6.32333268664205E-05 -0.0445093264042849 -0.185515345700578
12.85 5.96717071774827E-05 -0.0425757937498825 -0.17820975888107
12.9 5.62363968332909E-05 -0.0406520905553598 -0.170849137612802
12.95 5.29202185917037E-05 -0.0387378339273241 -0.163436013392458
13 4.97149718508121E-05 -0.036832637191723 -0.155972908083873
13.05 4.66142637235728E-05 -0.0349361091292487 -0.148462335964294
13.1 4.36129558952247E-05 -0.0330478548756977 -0.140906801485143
13.15 4.07037535521195E-05 -0.0311674759805712 -0.133308798982322
13.2 3.78807721129196E-05 -0.029294569359231 -0.125670811913722
13.25 3.51377311459639E-05 -0.0274287278360181 -0.117995312014218
13.3 3.2469305718438E-05 -0.0255695408571152 -0.11028475910814
13.35 2.98693367878695E-05 -0.0237165937404946 -0.102541600410616
13.4 2.73336236807429E-05 -0.021869467702567 -0.0947682695146237
13.45 2.48560674698757E-05 -0.020027739857736 -0.0869671861954324
13.5 2.24312973371024E-05 -0.0181909833664275 -0.0791407553091374
13.55 2.00540884639867E-05 -0.0163587674806033 -0.0712913670841892
13.6 1.77196223031893E-05 -0.014530657155622 -0.0634213958810572
13.65 1.54232358813853E-05 -0.0127062135533425 -0.0555332002242896
13.7 1.31594362297649E-05 -0.0108849931541548 -0.0476291213302018
13.75 1.09233484592268E-05 -0.00906654841516704 -0.0397114833300442
13.8 8.71056124794057E-06 -0.00725042765877423 -0.0317825932359822
13.85 6.51694978819088E-06 -0.00543617507160694 -0.0238447395510495
13.9 4.33715346042849E-06 -0.00362333007725317 -0.0159001922352324
13.95 2.16646940178552E-06 -0.00181142837884854 -0.00795120199478373
