0.05 0.0951229424500714 0.0336203523119923
0.1 0.180967483607192 0.06389897377022
0.15 0.258212392927517 0.0910219023158589
0.2 0.327492301231193 0.11516700134962
0.25 0.389400391535702 0.13650427529237
0.3 0.444490932409031 0.155196173921635
0.35 0.493281662803099 0.171397885861288
0.4 0.536256036828512 0.185257621589571
0.45 0.573865336459596 0.196916886318803
0.5 0.606530659712633 0.206510743088694
0.55 0.634644791418535 0.21416806640414
0.6 0.658573963312832 0.22001178673765
0.65 0.678659509789321 0.224159126206164
0.7 0.695219425307973 0.226721825721981
0.75 0.708549829111522 0.227806363907769
0.8 0.718926342587555 0.227514168056198
0.85 0.726605384312835 0.225941817405591
0.9 0.731825387533078 0.223181238994164
0.95 0.734807944563552 0.219319896346816
1 0.735758882342885 0.214440971240177
1.05 0.734869273133426 0.208623538783538
1.1 0.732316384135775 0.201942736045546
1.15 0.728264569571822 0.194469924448966
1.2 0.722866108589285 0.186272846148562
1.25 0.716261992150475 0.17741577460002
1.3 0.708582661888433 0.167959659521068
1.35 0.699948703743907 0.157962266439238
1.4 0.690471499036498 0.147478311014365
1.45 0.680253835472013 0.136559588317681
1.5 0.669390480445289 0.125255097243332
1.55 0.657968718862903 0.113611160222349
1.6 0.646068857582897 0.101671538403461
1.65 0.633764698448488 0.0894775424596518
1.7 0.621123981779298 0.0770681391741395
1.75 0.608208802076558 0.0644800539542673
1.8 0.595075997597712 0.0517478694169113
1.85 0.581777515360422 0.0389041201841765
1.9 0.568360753046013 0.0259793840235318
1.95 0.554868879187403 0.0130023694620408
2 0.541341132946451 0
2.05 0.527813104709997 -0.0130025049549086
2.1 0.514316998662524 -0.0259815523159138
2.15 0.500881878426037 -0.0389151005948041
2.2 0.487533896794269 -0.051782588119642
2.25 0.47429651052839 -0.0645648640869469
2.3 0.461190681124897 -0.0772441223463207
2.35 0.448235062413083 -0.0898038378189396
2.4 0.43544617578918 -0.102228705454683
2.45 0.422838573846915 -0.1145045816359
2.5 0.410424993119494 -0.126618427938947
2.55 0.398216496605881 -0.138558257167644
2.6 0.386222606714536 -0.150313081575758
2.65 0.374451429220277 -0.161872863198397
2.7 0.362909768794649 -0.173228466215018
2.75 0.351603236636892 -0.184371611269315
2.8 0.340536350701221 -0.195294831673899
2.85 0.329712628986579 -0.205991431430107
2.9 0.319134676327162 -0.216455444995688
2.95 0.308804265095751 -0.22668159873547
3 0.298722410207184 -0.236665273992293
3.05 0.28888943878596 -0.246402471717721
3.1 0.279305054840058 -0.255889778604121
3.15 0.269968399262353 -0.265124334661713
3.2 0.260878105461544 -0.274103802186188
3.25 0.252032350906193 -0.282826336064367
3.3 0.243428904848184 -0.291290555367223
3.35 0.235065172475662 -0.299495516181335
3.4 0.226938235730217 -0.307440685631612
3.45 0.219044891008669 -0.315125917049712
3.5 0.211381683956229 -0.322551426244261
3.55 0.2039449415451 -0.329717768830448
3.6 0.196730801620506 -0.336625818578153
3.65 0.189735240084914 -0.343276746739129
3.7 0.182954095880511 -0.349672002315233
3.75 0.176383093920068 -0.355813293231004
3.8 0.170017866106859 -0.361702568375216
3.85 0.163853970575504 -0.367342000477284
3.9 0.157886909277274 -0.372733969785652
3.95 0.152112144025557 -0.377881048516416
4 0.146525111109873 -0.382785986041644
4.05 0.141121234579897 -0.387451694787894
4.1 0.135895938294442 -0.391881236816543
4.15 0.130844656824292 -0.396077811058533
4.2 0.125962845292013 -0.400044741177162
4.25 0.121245988226494 -0.403785464033474
4.3 0.116689607504928 -0.407303518729783
4.35 0.112289269450175 -0.41060253620768
4.4 0.108040591147002 -0.413686229377836
4.45 0.103939246036519 -0.41655838375965
4.5 0.0999809688441808 -0.419222848609676
4.55 0.0961615598930591 -0.4216835285185
4.6 0.0924768888506289 -0.423944375456495
4.65 0.0889228979540546 -0.426009381249618
4.7 0.0854956047559407 -0.42788257046712
4.75 0.082191104429646 -0.429567993703681
4.8 0.0790055716705922 -0.43106972123919
4.85 0.0759352622274899 -0.432391837059969
4.9 0.0729765140950585 -0.433538433225884
4.95 0.070125748397616 -0.434513604568355
5 0.0673794699908547 -0.435321443704854
5.05 0.0647342678071894 -0.435966036356024
5.1 0.0621868149682595 -0.436451456952071
5.15 0.0597338686864741 -0.436781764515611
5.2 0.057372269975912 -0.43696099880863
5.25 0.0550989431914045 -0.436993176731689
5.3 0.0529108954132483 -0.436882288963976
5.35 0.0508052156937028 -0.436632296833231
5.4 0.0487790741802168 -0.436247129405015
5.45 0.0468297211292005 -0.435730680781194
5.5 0.0449544858231047 -0.435086807597898
5.55 0.043150775402585 -0.434319326713615
5.6 0.0414160736246088 -0.433432013078436
5.65 0.0397479395565071 -0.432428597775824
5.7 0.0381440062151725 -0.431312766228621
5.75 0.0366019791598612 -0.430088156561347
5.8 0.0351196350463594 -0.428758358111149
5.85 0.0336948201496324 -0.427326910080076
5.9 0.0323254488614668 -0.425797300321641
5.95 0.0310095021690611 -0.424172964254929
6 0.0297450261199963 -0.422457283899778
6.05 0.0285301302785318 -0.420653587026813
6.1 0.0273629861777268 -0.418765146416393
6.15 0.0262418257714638 -0.416795179220754
6.2 0.0251649398900671 -0.41474684642388
6.25 0.0241306767028464 -0.41262325239385
6.3 0.0231374401905642 -0.410427444522647
6.35 0.0221836886305162 -0.408162412948609
6.4 0.0212679330966264 -0.405831090356905
6.45 0.0203887359766972 -0.403436351853643
6.5 0.0195447095087084 -0.400981014909352
6.55 0.0187345143378331 -0.398467839367824
6.6 0.0179568580956322 -0.395899527516421
6.65 0.0172104940026958 -0.393278724214168
6.7 0.0164942194958246 -0.390608017074066
6.75 0.0158068748806809 -0.387889936696263
6.8 0.0151473420106893 -0.385126956948835
6.85 0.0145145429928342 -0.382321495293086
6.9 0.0139074389208694 -0.37947591315042
6.95 0.0133250286363469 -0.376592516307955
7 0.0127663475177632 -0.373673555360204
7.05 0.0122304662980287 -0.370721226184229
7.1 0.0117164899103758 -0.367737670445847
7.15 0.0112235563627463 -0.36472497613452
7.2 0.0107508356406242 -0.361685178124726
7.25 0.010297528638217 -0.358620258761679
7.3 0.00986286611783012 -0.355532148469366
7.35 0.00944610769722669 -0.352422726378994
7.4 0.00904654086471767 -0.349293820976001
7.45 0.00866348002168696 -0.346147210763893
7.5 0.0082962655522175 -0.342984624943246
7.55 0.00794426291945255 -0.339807744104304
7.6 0.00760686178829728 -0.336618200931673
7.65 0.00728347517404072 -0.333417580919685
7.7 0.00697353861645667 -0.330207423097098
7.75 0.00667650937892316 -0.326989220759838
7.8 0.00639186567208467 -0.323764422210583
7.85 0.00611910590156825 -0.32053443150404
7.9 0.00585774793925359 -0.317300609196823
7.95 0.00560732841758927 -0.31406427310091
8 0.00536740204644019 -0.310826699039711
8.05 0.00513754095194737 -0.307589121605828
8.1 0.00491733403687764 -0.304352734919632
8.15 0.00470638636193971 -0.30111869338787
8.2 0.00450431854754313 -0.297888112461497
8.25 0.00431076619547751 -0.294662069392045
8.3 0.004125379329992 -0.291441603985824
8.35 0.0039478218577583 -0.288227719355339
8.4 0.00377777104620465 -0.285021382667309
8.45 0.00361491701971347 -0.281823525886738
8.5 0.00345896227318095 -0.278635046516508
8.55 0.0033096212024434 -0.275456808332022
8.6 0.00316661965108236 -0.272289642110413
8.65 0.00302969447312749 -0.269134346353924
8.7 0.00289859311118482 -0.265991688007052
8.75 0.00277307318952565 -0.262862403167087
8.8 0.00265290212168039 -0.259747197787725
8.85 0.00253785673209039 -0.256646748375427
8.9 0.0024277228913798 -0.253561702678248
8.95 0.00232229516481899 -0.250492680366874
9 0.00222137647356023 -0.247440273707624
9.05 0.00212477776823604 -0.244405048227202
9.1 0.00203231771452009 -0.241387543368997
9.15 0.0019438223902602 -0.238388273140769
9.2 0.00185912499380252 -0.235407726753532
9.25 0.0017780655631358 -0.232446369251532
9.3 0.00170049070549402 -0.229504642133161
9.35 0.00162625333706533 -0.226582963962716
9.4 0.00155521243246469 -0.223681730972911
9.45 0.00148723278363692 -0.220801317658048
9.5 0.00142218476786631 -0.217942077357804
9.55 0.00135994412457784 -0.215104342831555
9.6 0.00130039174062439 -0.212288426823223
9.65 0.00124341344376306 -0.209494622616596
9.7 0.00118889980403251 -0.206723204581112
9.75 0.00113674594275194 -0.203974428708103
9.8 0.00108685134887067 -0.201248533137489
9.85 0.00103911970240562 -0.198545738674946
9.9 0.000993458704712271 -0.195866249299557
9.95 0.000949779915342358 -0.193210252661977
10 0.000907998595249697 -0.190577920573155
10.05 0.00086803355611286 -0.187969409483637
10.1 0.000829807015551073 -0.185384860953519
10.15 0.000793244458016874 -0.182824402113092
10.2 0.000758274501156184 -0.180288146114242
10.25 0.000724828767433405 -0.17777619257268
10.3 0.000692841760825811 -0.175288628001057
10.35 0.000662250748398166 -0.172825526233057
10.4 0.000632995646574795 -0.170386948838538
10.45 0.000605018911932621 -0.167972945529809
10.5 0.00057826543634469 -0.165583554559132
10.55 0.000552682446309589 -0.163218803107536
10.6 0.000528219406307867 -0.160878707665048
10.65 0.000504827926032117 -0.158563274402421
10.7 0.00048246167134274 -0.156272499534482
10.75 0.000461076278806667 -0.154006369675181
10.8 0.000440629273681314 -0.151764862184465
10.85 0.000421079991211034 -0.149547945507065
10.9 0.000402389501108016 -0.14735557950332
10.95 0.000384520535094218 -0.145187715772141
11 0.000367437417385405 -0.143044297966223
11.05 0.000351105998002636 -0.14092526209963
11.1 0.000335493588800781 -0.138830536847846
11.15 0.00032056890210765 -0.136760043840432
11.2 0.000306301991871253 -0.134713697946378
11.25 0.000292664197216521 -0.132691407552286
11.3 0.000279628088316414 -0.130693074833486
11.35 0.00026716741448595 -0.128718596018211
11.4 0.000255257054411073 -0.12676786164494
11.45 0.000243872968427575 -0.124840756813027
11.5 0.000232992152768506 -0.122937161426736
11.55 0.000222592595701565 -0.121056950432793
11.6 0.000212653235480944 -0.119199994051572
11.65 0.000203153920040981 -0.117366158002035
11.7 0.000194075368361722 -0.115555303720531
11.75 0.000185399133439205 -0.113767288573576
11.8 0.000177107566795814 -0.112001966064726
11.85 0.000169183784468573 -0.110259186035658
11.9 0.000161611634415631 -0.108538794861562
11.95 0.000154375665283506 -0.106840635640966
12 0.000147461096479877 -0.105164548380102
12.05 0.000140853789498884 -0.103510370171914
12.1 0.000134540220447933 -0.101877935369832
12.15 0.000128507453727023 -0.100267075756403
12.2 0.000122743116813519 -0.0986776207069003
12.25 0.000117235376107161 -0.0971093973479998
12.3 0.000111972913791847 -0.0955622307116475
12.35 0.000106944905672496 -0.0940359438842037
12.4 0.000102140999946886 -0.0925303581509751
12.45 9.75512968740058E-05 -0.0910452931362328
12.5 9.31663293019668E-05 -0.0895805669388152
12.55 8.89770440199728E-05 -0.0881359962634147
12.6 8.49747839003073E-05 -0.0867113965476444
12.65 8.11512707976197E-05 -0.0853065820849805
12.7 7.7498589174125E-05 -0.0839213661436737
12.75 7.40091704205853E-05 -0.0825555610817244
12.8 7.06757778441523E-05 -0.08120897845801
12.85 6.74914922953209E-05 -0.0798814291396577
12.9 6.44496984073592E-05 -0.0785727234057487
12.95 6.15440714226616E-05 -0.0772826710474428
13 5.87685645815074E-05 -0.0760110814646091
13.05 5.61173970496988E-05 -0.0747577637590463
13.1 5.35850423625153E-05 -0.0735225268243772
13.15 5.11662173633356E-05 -0.0723051794326985
13.2 4.88558716161623E-05 -0.071105530318066
13.25 4.66491772721385E-05 -0.069923388256895
13.3 4.45415193709515E-05 -0.0687585621453528
13.35 4.25284865588116E-05 -0.0676108610738206
13.4 4.06058622054391E-05 -0.0664800943984987
13.45 3.8769615903218E-05 -0.0653660718102287
13.5 3.70158953323703E-05 -0.0642686034006062
13.55 3.53410184766647E-05 -0.0631874997254529
13.6 3.37414661748225E-05 -0.0621225718657197
13.65 3.22138749933871E-05 -0.0610736314858872
13.7 3.0755030407421E-05 -0.0600404908899322
13.75 2.93618602759565E-05 -0.0590229630749243
13.8 2.80314285996687E-05 -0.0580208617823186
13.85 2.67609295487624E-05 -0.0570340015470054
13.9 2.55476817495632E-05 -0.0560621977441816
13.95 2.43891228187844E-05 -0.0551052666341011
