----- Part A -----
V^T * M * V = D
V * D * V^T = M
V^T * V = V * V^T = I

----- Part B -----
S-wave radial Schrödinger eq. for the Hydrogen atom successfully solved numerically using EVD class.
-0.499687889508918 
-0.123994588770588 
-0.0160576159285848 
0.13407627308883 
0.342131306969002 
0.604729711969303 
0.920211552654442 
1.28767731253688 
1.70658037998935 
2.17655369948269 
2.69732818340331 
3.26869100003893 
3.89046270778012 
4.56248395427985 
5.2846073382174 
6.05669221033529 
6.87860122743424 
7.75019799500787 
8.67134541033044 
9.64190447047928 
10.6617333975631 
11.7306869857072 
12.8486161064813 
14.0153673297613 
15.2307826301927 
16.4946991581507 
17.8069490600229 
19.1673593367108 
20.5757517321307 
22.0319426455273 
23.5357430629076 
25.0869585039774 
26.6853889817814 
28.3308289728399 
30.0230673960545 
31.7618875989794 
33.5470673503648 
35.3783788380488 
37.255588671479 
39.1784578882517 
41.1467419641779 
43.1601908264586 
45.2185488696222 
47.3215549739527 
49.4689425261321 
51.6604394419309 
53.8957681907361 
56.1746458217884 
58.4967839919901 
60.8618889951747 
63.2696617927384 
65.7197980455615 
68.2119881471233 
70.7459172577749 
73.3212653400829 
75.9377071952235 
78.5949125003565 
81.2925458469508 
84.030266780031 
86.8077298383044 
89.624584595132 
92.4804757003406 
95.3750429228219 
98.3079211939201 
101.278740651582 
104.287126685231 
107.33269998138 
110.415076569938 
113.533867871213 
116.688680743588 
119.879117531854 
123.104776116195 
126.365249961807 
129.660128169143 
132.988995524763 
136.35143255278 
139.747015566915 
143.17531672311 
146.635904072723 
150.128341616265 
153.652189357704 
157.207003359299 
160.792335796965 
164.40773501615 
168.052745588243 
171.726908367459 
175.429760548236 
179.16083572311 
182.91966394106 
186.705771766325 
190.518682337685 
194.357915428176 
198.222987505251 
202.113411791385 
206.028698325083 
209.968354022322 
213.931882738387 
217.918785330108 
221.92855971848 
225.960700951679 
230.014701268439 
234.090050161783 
238.186234443137 
242.302738306758 
246.439043394525 
250.594628861042 
254.768971439071 
258.961545505275 
263.171823146265 
267.399274224938 
271.643366447104 
275.903565428387 
280.179334761406 
284.470136083199 
288.77542914291 
293.094671869712 
297.427320440973 
301.772829350639 
306.130651477832 
310.500238155658 
314.88103924022 
319.272503179804 
323.674077084275 
328.085206794607 
332.505336952608 
336.933911070785 
341.370371602354 
345.814160011392 
350.264716843117 
354.721481794273 
359.183893783646 
363.651391022665 
368.123411086101 
372.599390982854 
377.078767226793 
381.560975907696 
386.045452762201 
390.531633244859 
395.018952599175 
399.506845928692 
403.994748268135 
408.482094654485 
412.968320198151 
417.452860154054 
421.935149992744 
426.414625471485 
430.890722705266 
435.362878237846 
439.830529112678 
444.293112943809 
448.750067986691 
453.200833208933 
457.644848360961 
462.081554046577 
466.510391793403 
470.930804123249 
475.342234622314 
479.744128011281 
484.135930215281 
488.517088433685 
492.887051209754 
497.245268500122 
501.591191744094 
505.92427393279 
510.243969678062 
514.54973528124 
518.841028801634 
523.117310124886 
527.378041031027 
531.622685262309 
535.850708590862 
540.061578886022 
544.254766181441 
548.429742741922 
552.585983129977 
556.722964272121 
560.840165524845 
564.937068740314 
569.013158331758 
573.067921338517 
577.10084749083 
581.111429274229 
585.099161993628 
589.063543837068 
593.004075939101 
596.920262443808 
600.811610567506 
604.677630660967 
608.517836271415 
612.331744203969 
616.118874582825 
619.87875091196 
623.610900135485 
627.314852697517 
630.990142601706 
634.636307470284 
638.252888602695 
641.839431033811 
645.395483591704 
648.920598954897 
652.414333709303 
655.87624840457 
659.305907610055 
662.702879970296 
666.066738260013 
669.397059438652 
672.693424704466 
675.955419548094 
679.182633805631 
682.374661711342 
685.53110194975 
688.651557707293 
691.735636723573 
694.78295134202 
697.793118560138 
700.765760079284 
703.70050235396 
706.596976640612 
709.454819046063 
712.273670575434 
715.053177179622 
717.792989802443 
720.492764427251 
723.152162123286 
725.770849091593 
728.348496710613 
730.884781581511 
733.379385573165 
735.831995866998 
738.242305001583 
740.610010917121 
742.934816999913 
745.216432126796 
747.454570709715 
749.648952740498 
751.799303836001 
753.905355283638 
755.966844087733 
757.983513016553 
759.95511065057 
761.881391432031 
763.762115716294 
765.597049825307 
767.385966103688 
769.128642978097 
770.824865020535 
772.474423016523 
774.07711403926 
775.632741531093 
777.141115394002 
778.602052091229 
780.015374762702 
781.380913357693 
782.698504788936 
783.967993113929 
785.189229750601 
786.362073736881 
787.486392046866 
788.562059980412 
789.588961649043 
790.566990589486 
791.496050548002 
792.376056496292 
793.206935965138 
793.988630819894 
794.721099659531 
795.404321108362 
796.038298406851 
796.623065922926 
797.158698550799 
797.64532552199 
798.08315106687 
798.472485867588 
798.813795736488 
799.107778160995 
799.355484947863 
799.558526128615 
799.719449614049 
799.842791734816 
Saved wave vectors corresponding to radial wave numbers 1 and 2 for s-waves in Out.numericalWaveVectorsData.txt.
Saved wave vectors corresponding to radial wave numbers 1 and 2 for s-waves in Out.analyticalWaveVectorsData.txt.
