100 0.08
105 0.06
110 0.07
115 0.07
120 0.08
125 0.07
130 0.09
135 0.09
140 0.09
145 0.09
150 0.10
155 0.09
160 0.11
165 0.11
170 0.12
175 0.11
180 0.12
185 0.13
190 0.13
195 0.13
200 0.14
205 0.15
210 0.16
215 0.17
220 0.17
225 0.17
230 0.18
235 0.19
240 0.19
245 0.20
250 0.23
255 0.24
260 0.26
265 0.26
270 0.27
275 0.28
280 0.29
285 0.30
290 0.31
295 0.34
300 0.35
305 0.36
310 0.37
315 0.40
320 0.40
325 0.43
330 0.43
335 0.46
340 0.48
345 0.49
350 0.52
355 0.53
360 0.56
365 0.57
370 0.60
375 0.65
380 0.64
385 0.66
390 0.68
395 0.71
400 0.73
405 0.76
410 0.77
415 0.80
420 0.83
425 0.87
430 0.87
435 0.95
440 0.97
445 0.99
450 1.01
455 1.07
460 1.08
465 1.10
470 1.14
475 1.19
480 1.19
485 1.24
490 1.25
495 1.32
500 1.36
