#t,vx1,vy1,vx2,vy3,vx3,vy3,x1,y1,x2,y2,x3,y3
0,0.466203685,0.43236573,-0.93240737,-0.86473146,0.466203685,0.43236573,-0.97000436,0.24308753,0,0,0.97000436,-0.24308753
0.01,0.478409867164306,0.429223132923677,-0.932570512954397,-0.864525805062993,0.454160645790091,0.435302672139317,-0.965281697878015,0.247395994329504,-0.0093240737,-0.0086473146,0.974605771578015,-0.238748679729504
0.0250246203939466,0.497053429723909,0.4240932190151,-0.933427775773897,-0.863442893338273,0.436374346049988,0.439349674323173,-0.957955078456039,0.253808233347332,-0.0233392730591324,-0.0216318431025548,0.981294351515171,-0.232176390244777
0.0443939906725444,0.521620386172233,0.416703483643748,-0.935609206111819,-0.86067009653026,0.413988819939585,0.443966612886512,-0.948092410935302,0.261955386741812,-0.0414344568217731,-0.0383368510445004,0.989526867757075,-0.223618535697311
0.0670605747452701,0.551110014599296,0.406843819127875,-0.939673256922087,-0.855437279409577,0.388563242322791,0.448593460281702,-0.935939279473954,0.271296439533754,-0.0626784159088581,-0.0577981736509533,0.998617695382812,-0.213498265882801
0.0919821253941665,0.584409959216037,0.394339897489234,-0.945958688160983,-0.847166700586678,0.361548728944946,0.452826803097444,-0.921795358360561,0.281290893116444,-0.086163164376194,-0.0790304267720617,1.00795852273676,-0.202260466344382
0.118273753979429,0.620453675597278,0.379058911351172,-0.95453830132193,-0.83551095745541,0.334084625724651,0.456452046104239,-0.905962306114575,0.291472247706662,-0.111133902257021,-0.101170470622094,1.0170962083716,-0.190301777084569
0.145238454231304,0.658266137123916,0.360925764599935,-0.965242850303195,-0.820330197501723,0.306976713179278,0.459404432901787,-0.88872750087575,0.301466102979337,-0.137004520617483,-0.123517250758794,1.02573202149323,-0.177948852220543
0.172128878646349,0.696652918302153,0.340120053759002,-0.977610406141624,-0.801818022336646,0.28095748783947,0.461697968577644,-0.870514337676686,0.310910389391302,-0.163115825911588,-0.14535014384136,1.03363016358827,-0.165560245549942
0.198276352822752,0.734416223998816,0.317058625420008,-0.990987019394599,-0.780466843443555,0.256570795395782,0.463408218023547,-0.851807131258712,0.319520642965563,-0.188844704964413,-0.166058200069039,1.04065183622313,-0.153462442896524
0.223362017248716,0.770814590166638,0.292122689135752,-1.00478013812272,-0.756772521530352,0.233965547956086,0.4646498323946,-0.83292770114718,0.327178904075961,-0.213872048919233,-0.185359282233844,1.04679975006641,-0.141819621842117
0.247299278660305,0.805453638979446,0.265617168327792,-1.0185199833465,-0.731151448863518,0.213066344367056,0.465534280535726,-0.814060805006136,0.333870182727416,-0.238085434461933,-0.203185269075106,1.05214623946807,-0.13068491365231
0.270137794554334,0.838170448989404,0.237759085382277,-1.03186196535658,-0.703913134945796,0.193691516367176,0.46615404956352,-0.795289448345151,0.339632669152566,-0.261498559055523,-0.219588139099252,1.05678800740067,-0.120044530053314
0.291998200079099,0.86893996171334,0.20868320096536,-1.04456228532436,-0.675263595024813,0.175622323611023,0.466580394059453,-0.776626976751172,0.344525180241152,-0.284195201285926,-0.234676479093867,1.0608221780371,-0.109848701147285
0.313033092194337,0.897809496648521,0.178454114742213,-1.05644762446306,-0.645320411911799,0.15863812781454,0.466866297169587,-0.75804103354656,0.348608357013297,-0.30629466792865,-0.248577743223177,1.06433570147521,-0.10003061379012
0.333406581928677,0.924857185936892,0.147077949707739,-1.06738823732643,-0.61412854365217,0.14253105138954,0.467050593944431,-0.739469006136203,0.351934811111524,-0.32793293902467,-0.261418212745427,1.06740194516087,-0.0905165983660964
0.353285861042194,0.950167459069505,0.114510105037329,-1.07727671983629,-0.581671804603517,0.127109260766787,0.467161699566188,-0.720826256617594,0.354544278731917,-0.349254396590278,-0.273313734355764,1.07008065320787,-0.0812305443761536
0.372840450834224,0.973817378852746,0.0806573636469365,-1.08601148898154,-0.547877901787177,0.112194110128795,0.46722053814024,-0.702008498230587,0.356461049600882,-0.370410683807304,-0.284366467260077,1.07241918203789,-0.0720945823408057
0.392246936079841,0.995869192760219,0.0453729442716722,-1.09348278779239,-0.512615652646997,0.0976135950321706,0.467242708375325,-0.682888969353851,0.357691820454663,-0.391564979476213,-0.294664726054152,1.07445394883006,-0.0630270944005106
0.41169895369619,1.01636585085011,0.00844196214431038,-1.09955840025631,-0.475682010099606,0.0831925494061926,0.467240047955296,-0.663309822859555,0.358222495629809,-0.412901727875351,-0.304284300982081,1.07621155073491,-0.053938194647728
0.431424564489155,1.03532708492668,-0.030448442549454,-1.10406514755997,-0.43677332390932,0.0687380626332892,0.467221766458774,-0.643065023870314,0.358012189398481,-0.434644171102499,-0.313290479574448,1.07770919497281,-0.0447217098240326
0.45202881383655,1.05299363943259,-0.0724107466803182,-1.10678421724811,-0.394784101574218,0.0537905778155198,0.467194848254536,-0.621539325631165,0.35695903812582,-0.457431407238154,-0.32186383901225,1.07897073286932,-0.0350951991135711
0.47431106192204,1.06945729025785,-0.11904049937159,-1.10721893915431,-0.348124798748312,0.0377616488964593,0.467165298119902,-0.597877224749714,0.354832515819119,-0.482112750814866,-0.33014713473285,1.07998997556458,-0.0246853810862687
0.497820010444772,1.08368608883852,-0.169259647736907,-1.10464407774886,-0.297881620999686,0.0209579889103403,0.467141268736593,-0.572548911176556,0.35144880523024,-0.50813067603148,-0.337745657826148,1.08067958720804,-0.0137031474040925
0.52187815563316,1.09479328719889,-0.22127100628565,-1.09861877353183,-0.245858734876305,0.00382548633293659,0.467129741161956,-0.546322641872188,0.346753584629497,-0.534654728143189,-0.344288768434895,1.08097737001538,-0.00246481619460232
0.546156209607646,1.10242378111596,-0.273874720657228,-1.08897207801781,-0.193259210740928,-0.0134517030981576,0.467133931398157,-0.51962875198468,0.3407423488484,-0.56123174275177,-0.349618488200921,1.08086049473645,0.00887613935252019
0.570549787336214,1.10652542768482,-0.326310651348396,-1.07567176290114,-0.140842555542074,-0.0308536647836783,0.46715320689047,-0.492665066099517,0.333418075102925,-0.587655356931205,-0.353689428808541,1.08032042303072,0.0202713537056149
0.595030280922596,1.107197444501,-0.377983026613688,-1.05878157770869,-0.0892002409596153,-0.0484158667923105,0.467183267573303,-0.465547818290061,0.324790166612194,-0.613802980724197,-0.356497970683929,1.07935079901426,0.031707804071735
0.61972907592587,1.10461838416513,-0.428645755469098,-1.0383274968437,-0.0385705051179372,-0.0662908873214352,0.467216260587035,-0.43821359268434,0.314818365867474,-0.639721670311892,-0.358065435652865,1.07793526299623,0.0432470697853909
0.644886993642993,1.09895786144668,-0.478258619711858,-1.01423943990898,0.0110185318407151,-0.0847184215376984,0.467240087871143,-0.410476404938999,0.303396558578546,-0.665560775043639,-0.35839819457679,1.07603717998264,0.0550016359982433
0.668831666592849,1.09109246672441,-0.523237753655154,-0.988573113963286,0.0559998865444426,-0.102519352761127,0.467237867110711,-0.384242694661743,0.291392262064377,-0.68955439441395,-0.357581946498362,1.07379708907569,0.0661896844339844
0.69142142263012,1.08181022329326,-0.56339982684389,-0.9622151128859,0.0962033524726362,-0.119595110407355,0.467196474371253,-0.35969048982939,0.279105715835934,-0.711599433245224,-0.355849956168134,1.07128992307461,0.0767442403321996
0.712868458345974,1.07164348871191,-0.599310859636096,-0.93554235816318,0.132206485310076,-0.136101130548726,0.467104374326019,-0.336591387000398,0.266625342148007,-0.731958144054239,-0.353388868210908,1.06854953105464,0.0867635260629009
0.73347316839057,1.0609176471868,-0.631661120730959,-0.908653638856754,0.164711580422292,-0.152264008330047,0.466949540308668,-0.314616630780177,0.253932282804691,-0.750963630906575,-0.350319116975493,1.06558026168675,0.0963868341708021
0.753524001845086,1.04983329582052,-0.661048966689916,-0.881521931787979,0.194331168648456,-0.168311364032544,0.466717798041459,-0.293452698111267,0.240961774586583,-0.768915266196351,-0.346709432526812,1.06236796430762,0.105747657940229
0.773270316069677,1.03852621771341,-0.687935191548008,-0.854073949467108,0.221543642490186,-0.184452268246303,0.466391549057823,-0.272832462792621,0.227632831769617,-0.786054288528589,-0.342593725288318,1.05888675132121,0.1149608935187
0.792922267603432,1.02710350634144,-0.712654217682287,-0.826226463452658,0.246705637931705,-0.200877042888782,0.465948579750582,-0.252535158194021,0.21386058433008,-0.802567150903422,-0.337983231542541,1.05510230909744,0.124122647212461
0.812658882774749,1.01566412622694,-0.73543814794037,-0.79790065764036,0.270077446696625,-0.217763468586581,0.465360701243746,-0.232376996824289,0.199560204542107,-0.818595996748232,-0.332874031115826,1.05097299357252,0.133313826573719
0.832637452716242,1.00431082721232,-0.756439066981267,-0.769026211544961,0.291847058319288,-0.235284615667356,0.464592008661979,-0.212200355236202,0.18464701863794,-0.834249186755679,-0.32725131072568,1.04644954199188,0.14260429208774
0.853002153099399,0.99315775065324,-0.775745810740882,-0.739540912813859,0.312149268037539,-0.253616837839381,0.463596542703343,-0.191863908887544,0.169034969741479,-0.849609922209876,-0.321091528874454,1.04147383109742,0.152056559132976
0.873891547313571,0.982336253303794,-0.793394935822575,-0.709388498351229,0.3310798564832,-0.272947754952565,0.462315079339375,-0.171234065320164,0.152634382513487,-0.864742769835854,-0.314363230792074,1.03597683515602,0.161728848278587
0.895445237425144,0.972000439998454,-0.809376448007231,-0.678515888935535,0.348705788201439,-0.293484551062918,0.460670659805792,-0.150177343125259,0.135349396297852,-0.879698403173337,-0.307026940182814,1.0298757462986,0.171677543884962
0.917810121577035,0.962333373525434,-0.823634726821649,-0.646870235364827,0.365072444257822,-0.315463138160607,0.458562282563827,-0.128553112431591,0.117075155350167,-0.894516950369696,-0.299034332849651,1.02307006280129,0.181959177499484
0.941146792267065,0.953554715028091,-0.83606459948925,-0.614395821917925,0.380208730481174,-0.339158893110166,0.455855869008076,-0.106206006507134,0.0976947092530052,-0.909230277299881,-0.290326740580683,1.01543628380702,0.192632031327678
0.965636689433644,0.945930519658309,-0.846501806977876,-0.581030663694411,0.394130700438144,-0.364899855963898,0.452371106539732,-0.0829571862065329,0.0770755069262517,-0.923863441399455,-0.280832905629714,1.00682062760599,0.203757398703462
0.991389922384569,0.939805993233455,-0.854679643011376,-0.546834422253776,0.406798359677044,-0.392971570979678,0.447881283334331,-0.0586880799190585,0.0551516705457238,-0.938380362120724,-0.270506901814572,0.997068442039782,0.215355231268848
1.01818722079516,0.935609359463812,-0.86021826750587,-0.512303231867725,0.418049593170768,-0.423306127596087,0.442168674335103,-0.0335751767999009,0.0321541415983408,-0.952563924096205,-0.259442188249116,0.986139100896106,0.227288046650775
1.04584357030796,0.933688816699062,-0.862812899296248,-0.47784895782162,0.427827815747539,-0.455839858877442,0.434985083548709,-0.00774330642268075,0.00830590112958789,-0.966247379072198,-0.24773272671186,0.973990685494879,0.239426825582272
1.07417474750554,0.934301250596751,-0.862209699013394,-0.44383448018126,0.436148355731831,-0.490466770415491,0.426061343281563,0.0186993096581457,-0.0161534198282146,-0.979294213041475,-0.235482213191233,0.960594903383329,0.251635633019447
1.10297784071122,0.937590383909617,-0.858203055801966,-0.410589379833091,0.443078801446841,-0.527001004076526,0.415124254355125,0.0456381534849626,-0.040954700366801,-0.991589420669153,-0.222809260889342,0.945951267184191,0.263763961256143
1.1320262111653,0.943563063735424,-0.850646478058968,-0.378408953649857,0.448726435226419,-0.565154110085566,0.401920042832549,0.072941234808553,-0.0658000845969908,-1.00303908797411,-0.209847090177646,0.930097853165554,0.275647174774636
1.16107795476937,0.952074982051003,-0.83946808068951,-0.347542063517987,0.453227671576762,-0.604532918533016,0.386240409112748,0.100458983689813,-0.090376916010918,-1.01357457981309,-0.196737415375975,0.913115596123282,0.287114331386893
1.18989448844642,0.962835465569198,-0.824681555018659,-0.318175120360871,0.456736893452625,-0.644660345208327,0.367944661566034,0.128033446281232,-0.114381133655248,-1.02315746882355,-0.1836198298994,0.895124022542321,0.298000963554648
1.21822400748794,0.975415825951381,-0.806413629848059,-0.290457319252423,0.459411275908217,-0.684958506698958,0.347002353939842,0.155474935112428,-0.137511568430553,-1.03177055893181,-0.170637599713535,0.876295623819386,0.308149168144088
1.24545237452267,0.9890885360482,-0.785228302923841,-0.264830686733792,0.461380392786773,-0.724257849314408,0.323847910137068,0.182210247943522,-0.159204796827583,-1.03932365161392,-0.158097938791675,0.857113403670393,0.317302735619258
1.27132994053653,1.00321015560861,-0.761675402962488,-0.241336003560182,0.462800918174494,-0.761874152048428,0.298874484787994,0.207981792039019,-0.179241459190521,-1.04586746976297,-0.146137441558971,0.837885677723951,0.325378900749491
1.29583537416861,1.01728344390903,-0.736204797734131,-0.219805696441467,0.463812976669854,-0.797477747467563,0.272391821064278,0.232734834447473,-0.19761342576319,-1.05151348253415,-0.134782007072351,0.818778648086674,0.332395432835542
1.3190720087077,1.03095296187643,-0.709143936365314,-0.199987553562111,0.464527394473419,-0.830965408314315,0.244616541891895,0.256530674211911,-0.214422332871746,-1.05638744402613,-0.123994928963921,0.799856769814221,0.338417261835667
1.34120124854529,1.0439736609228,-0.680707435773141,-0.181612033066224,0.465026867934214,-0.862361627856575,0.215680567838928,0.279489486573148,-0.229814785504824,-1.06060705088344,-0.113708831490781,0.781117564310291,0.343523616995605
1.36240498760769,1.05617575523766,-0.651017072957892,-0.164423304713186,0.465371505270995,-0.89175245052447,0.185645567686898,0.301756912728968,-0.243946080526309,-1.06427353742273,-0.103844205793646,0.762516624693761,0.347790286319955
1.38286731794819,1.0674351846896,-0.620120927500538,-0.148189898361088,0.465604638381755,-0.919245286328516,0.154516289118783,0.32348696520363,-0.256962395217043,-1.0674701847512,-0.0943187585692678,0.743983219547569,0.351281153786311
1.40276803112183,1.07765128916853,-0.588007062934857,-0.132704877698075,0.465757588362015,-0.94494641147045,0.122249474572843,0.344835348414924,-0.268993618732781,-1.070263728952,-0.0850510279332096,0.725428380537073,0.35404464666599
1.42228321048214,1.08673016768096,-0.554610250720051,-0.117780889659198,0.465853215965174,-0.968949278021758,0.0887570347548771,0.365959405971393,-0.280151765017279,-1.07270662944575,-0.0759605031056673,0.706747223474356,0.356112268122946
1.44159055522475,1.09457124549943,-0.519811002655031,-0.103242477417464,0.4659084591905,-0.991328768081971,0.0539025434645309,0.387022802196043,-0.290532030764762,-1.07483925128911,-0.0669654032076244,0.687816449093064,0.357497433972386
1.4608789966306,1.10105425237266,-0.48342533174142,-0.0889161015044726,0.465936123817098,-1.01213815086819,0.0174892079243228,0.408204737356074,-0.300214942239786,-1.07669153978283,-0.05797836482086,0.668486802426757,0.358193307060646
1.48036419739691,1.10602312041982,-0.445181060576822,-0.0746166399302117,0.465946159343991,-1.03140648048961,-0.0207650987671691,0.429715463465112,-0.309268873910843,-1.0782839490397,-0.0488993281252412,0.648568485574584,0.358168202036084
1.50052310024872,1.10928439795765,-0.404241359648383,-0.0599761912411306,0.465946572688142,-1.04930820671652,-0.0617052130397583,0.452054497584622,-0.317837131353618,-1.079639809252,-0.0395063163728485,0.627585311667382,0.357343447726467
1.52210468862312,1.11044262542416,-0.359134539443595,-0.0444408288773601,0.465944260211075,-1.0660017965468,-0.106809720767479,0.476020473446978,-0.326081004154244,-1.08076581087888,-0.0294504654593457,0.604745337431901,0.355531469613589
1.54517408820982,1.10879786429868,-0.309820809129838,-0.0279505174335864,0.465946501396714,-1.0808473468651,-0.156125692266875,0.501636268903094,-0.333802768361495,-1.08160017137702,-0.0187014193644683,0.579963902473922,0.352504187725963
1.56894563886165,1.10380554940497,-0.258269424370712,-0.0110353704650862,0.465960029811341,-1.09277017893988,-0.207690605440629,0.527954920817072,-0.340558200180972,-1.08206312971045,-0.00762505925672657,0.554108208893378,0.348183259437699
1.59299874297504,1.09523400146334,-0.205853193824053,0.00605211146211727,0.465988659861975,-1.10128611292546,-0.260135466037921,0.554423174057936,-0.346140208688003,-1.08212294004585,0.00358297890470158,0.527699765987918,0.342557229783302
1.61719547315187,1.08301187527842,-0.153397166535297,0.0232662874631994,0.466032760312863,-1.10627816274162,-0.312635593777566,0.580798140159217,-0.350483529392987,-1.08176843453566,0.0148588238345381,0.500970294376439,0.335624705558448
1.64147001885858,1.06718829020965,-0.101575202616509,0.0406145215525343,0.466089167841961,-1.10780281176218,-0.364513965225452,0.606917085753335,-0.353571975887646,-1.08099362448105,0.0261721737777746,0.47407653872771,0.327399802109871
1.66591091435319,1.04780748153378,-0.0507151298397126,0.0582159954162972,0.466151456341319,-1.10602347695008,-0.415436326501606,0.632783972125314,-0.35542366483341,-1.07978674702853,0.0375645473221169,0.447002774903221,0.317859117511293
1.69072660320646,1.02483240110174,-0.00089792435610693,0.0762819254307775,0.466209542636224,-1.10111432653252,-0.465311618280116,0.65852093846766,-0.356051439409432,-1.07811918932953,0.0491331837119746,0.41959825086187,0.306918255697458
1.71469645534771,0.999781418417212,0.045095022371569,0.0939726843842802,0.466246565853726,-1.09375410280149,-0.511341588225295,0.682801922140757,-0.355508225864393,-1.07608016879574,0.0603087304500078,0.393278246654985,0.295199495414385
1.73741166562549,0.973752033387013,0.0864751413042159,0.111003590928842,0.466248439516277,-1.08475562431586,-0.552723580820492,0.705228549297033,-0.354001022256728,-1.07375364308507,0.0708998414941882,0.368525093788034,0.28310118076254
1.75897105200089,0.947268905875545,0.123581031397344,0.127448438152039,0.466203713199779,-1.07471734402758,-0.589784744597122,0.725945351621329,-0.351724834213987,-1.07118471162335,0.0809516509665249,0.345239360002019,0.270773183247462
1.77963380623598,0.920516743538371,0.15704788621533,0.14350129719285,0.466101286743174,-1.06401804073122,-0.623149172958503,0.745248611136399,-0.348814645436177,-1.06838693412813,0.0905839638300866,0.323138322991733,0.258230681606091
1.79967843083601,0.893512107022845,0.187489295379789,0.159378747467604,0.465928528072186,-1.05289085449045,-0.653417823451975,0.763434163740151,-0.345351388522467,-1.06535290697086,0.0999254375618841,0.301918743230714,0.245425950960583
1.81935584001979,0.866201527901839,0.215405926906359,0.175286702430805,0.465669896743999,-1.04148823033264,-0.681075823650357,0.780751005196807,-0.341377695335525,-1.06206182380415,0.109091611981598,0.28131081860734,0.232286083353927
1.838880796988,0.838509555711108,0.241179651577979,0.191414186662638,0.465305780897942,-1.02992374237374,-0.706485432475921,0.797395759752321,-0.336910832023558,-1.05848360497544,0.118180785303129,0.261087845223117,0.218730046720429
1.85843665918155,0.810359553331481,0.265092933040327,0.207936989845007,0.464811265930932,-1.01829654317649,-0.729904198971259,0.813520000686542,-0.331951181635798,-1.0545806098925,0.127276064395133,0.241060609205959,0.204675117240666
1.87818359500951,0.781681101248462,0.28735157243323,0.225024397995996,0.464154613949878,-1.00670549924446,-0.751506186383107,0.829239918603795,-0.326487255068421,-1.0503078038246,0.13644898703899,0.221067885220808,0.190038268029431
1.89826685665372,0.752411260394088,0.308104145435777,0.242846627533506,0.463295249861994,-0.995257887927594,-0.77139939529777,0.844644935117788,-0.320498378050551,-1.04561188789544,0.145763098909948,0.200966952777656,0.174735279140603
1.9188242062679,0.722493216191585,0.32745693847298,0.261582378211363,0.462181015471079,-0.984075594402948,-0.789637953944058,0.859804486446774,-0.313955872112975,-1.04042961475618,0.155277028667599,0.180625128309405,0.158678843445376
1.93999252000312,0.691873910674602,0.345484901748504,0.281426633896875,0.4607443665549,-0.973300544571477,-0.806229268303403,0.874773072395094,-0.306823224180277,-1.03468531202936,0.165047019951095,0.159912239634271,0.141776204229183
1.96191391822948,0.660501316856647,0.362239504662152,0.302599145774525,0.458897036913086,-0.963100462631172,-0.821136541575237,0.88959388749194,-0.299055503816548,-1.02828747959134,0.175129002834057,0.138693592099402,0.123926500982491
1.98474189025089,0.6283215336025,0.377754315410899,0.32535421063273,0.456522446532713,-0.953675744235229,-0.834276761943611,0.904301348361313,-0.290598121103334,-1.02112417356679,0.185580298406742,0.116822825205476,0.105017822696592
2.00864796318489,0.595275624095676,0.392048958887568,0.349992528194007,0.453464728616079,-0.945268152289683,-0.845513687503646,0.918922761118842,-0.281384889044327,-1.01305669969638,0.196461013177442,0.09413393857754,0.0849238758668857
2.03382958789669,0.56129594973974,0.40513194487637,0.376876144623037,0.449512583435327,-0.938172094362776,-0.854644528311696,0.933479286890408,-0.271335231218445,-1.00391086315498,0.207835109217402,0.0704315762645675,0.0635001220010439
2.06017631100718,0.526745175340697,0.416862249079239,0.406059814477594,0.444447852162323,-0.93280498981829,-0.861310101241562,0.947805424294782,-0.260493920602989,-0.993604081580542,0.219618042667902,0.0457986572857605,0.0408758779350879
2.08749460675222,0.49206990918507,0.427138892562037,0.437487532265705,0.438035057536943,-0.929557441450774,-0.865173950098979,0.961713330343498,-0.248952817304686,-0.982090035610256,0.231680348269766,0.0203767052667586,0.0172724690349203
2.1,0.476596327695788,0.431268665255139,0.452277519993875,0.434652672716503,-0.928873847689663,-0.865921337971641,0.967769303112085,-0.243584360433992,-0.976527390857174,0.237137905963998,0.00875808774508919,0.00644645446999537
